YY1,25,2647,67,199344,25.733165161982967
NKRF,6,2647,7,199344,19.505135238744273
MED15,7,2647,50,199344,7.828209738566011
UNC5CL,2,2647,2,199344,12.190931619503765
MAPK1,38,2647,286,199344,17.66851512203501
CTNNB1,48,2647,328,199344,21.053352780418
MAPK3,23,2647,202,199344,12.488977292460833
ETS1,24,2647,86,199344,21.5336264932219
RFC1,20,2647,111,199344,15.362057566746092
HNF4A,18,2647,65,199344,18.569609119402873
PSMD10,5,2647,29,199344,7.486738956391468
PARP1,27,2647,128,199344,19.536591266288344
UTRN,4,2647,38,199344,4.9537521315673105
TUBA3D,9,2647,29,199344,13.975896560596448
TUBB2B,7,2647,22,199344,12.493978217444061
ASCC2,5,2647,42,199344,5.988397794799956
E7,11,2647,21,199344,20.43897299232777
CITED1,8,2647,10,199344,21.734433208692224
ASCC1,5,2647,5,199344,19.27555535849854
ISG20,3,2647,3,199344,14.930780978472795
RAC1,13,2647,250,199344,5.348708194105903
RAC2,4,2647,82,199344,2.808576579977908
RAC3,4,2647,76,199344,2.9971760293671688
MAP3K8,21,2647,42,199344,27.557033100143368
MAP3K7,30,2647,137,199344,21.03395555166215
BCL6,19,2647,90,199344,16.39631864554346
BCL3,25,2647,38,199344,34.71525281788347
NCF1,9,2647,43,199344,11.22975546317796
STAT6,18,2647,64,199344,18.72862254727214
KLF6,5,2647,18,199344,9.803654212527318
TP53BP1,17,2647,53,199344,19.555850921238395
CREBBP,95,2647,330,199344,43.57979701119066
PHB,14,2647,68,199344,13.875435911654469
SMAD3,63,2647,321,199344,28.641179210085575
SMAD2,49,2647,367,199344,20.123172247363925
SMAD4,57,2647,215,199344,32.26022171804333
SKP2,14,2647,58,199344,15.1763751161974
RBBP4,14,2647,89,199344,11.870244528012332
NOTCH1,14,2647,73,199344,13.32393480408869
PURB,4,2647,53,199344,3.9555582070999313
PURA,5,2647,28,199344,7.641180853140851
VIM,10,2647,174,199344,5.092752788239831
E2F1,46,2647,97,199344,39.66115594893403
KLF5,15,2647,26,199344,25.108414827466607
PIAS3,22,2647,50,199344,26.36069172424722
PIAS2,20,2647,51,199344,23.638077940217425
NCOR1,34,2647,135,199344,24.216760605323234
PIAS1,28,2647,92,199344,24.390325922540015
NCOR2,35,2647,96,199344,30.07094005512372
SNIP1,10,2647,35,199344,14.080738075811503
ITGB3BP,6,2647,39,199344,7.6691081768184555
PIN1,20,2647,137,199344,13.570034343799794
CHEK1,15,2647,47,199344,18.319502901002988
RPS3,12,2647,182,199344,6.205929906047035
ACTG1,24,2647,244,199344,11.610754816428956
SIN3A,39,2647,178,199344,23.99000439276205
PGR,20,2647,62,199344,21.276786279954194
ATF7IP,7,2647,76,199344,6.0035415941646315
TP53,89,2647,471,199344,33.30909566010112
GTF2B,21,2647,73,199344,20.48147737424666
MTPN,4,2647,17,199344,7.997149435735022
DHX9,12,2647,82,199344,10.526676390209
RBM39,9,2647,32,199344,13.243136005459398
RUVBL2,24,2647,157,199344,15.28003226236602
CALM1,28,2647,358,199344,10.733447582234438
SREBF2,21,2647,54,199344,24.113582838057262
RUVBL1,24,2647,142,199344,16.21284420825991
CHL1,2,2647,12,199344,4.642048327923279
FHL2,19,2647,97,199344,15.711171995033073
ELF3,6,2647,42,199344,7.3364375013839185
HSPA1A,23,2647,132,199344,16.15632950880656
ELF1,9,2647,38,199344,12.039823723547347
NFKBIB,35,2647,83,199344,32.50579724356599
NFKBIA,43,2647,126,199344,32.164359685814496
NFKB2,76,2647,180,199344,47.93216779363086
NFKB1,132,2647,303,199344,64.22980114864295
NFKBIE,26,2647,55,199344,29.767730115381966
LEF1,10,2647,38,199344,13.457038041943354
SUMO1,35,2647,198,199344,20.097812459860418
BAG2,9,2647,30,199344,13.71981122635642
TUBB4,14,2647,61,199344,14.75392184871146
MYC,59,2647,448,199344,21.896948647941013
HSPA1L,17,2647,55,199344,19.165713159853023
NFKBIZ,4,2647,4,199344,17.240580834265227
EP300,83,2647,350,199344,36.58863436358055
SLC25A5,6,2647,32,199344,8.610015509039096
SLC25A6,5,2647,35,199344,6.697220518724684
AR,63,2647,236,199344,34.045009951802825
STAT3,44,2647,182,199344,26.92840441528621
STAT1,27,2647,134,199344,19.034067969903184
IRAK1BP1,2,2647,3,199344,9.886878252668332
PFDN5,8,2647,23,199344,14.016806558852828
SFPQ,20,2647,73,199344,19.458971292795518
RELA,160,2647,276,199344,82.21088772541955
GSK3B,20,2647,168,199344,11.976795589599911
JUN,100,2647,204,199344,59.50941688268934
RELB,42,2647,89,199344,37.79951857283663
ASCC3,6,2647,13,199344,14.119811647796677
NR5A1,12,2647,32,199344,17.876256501879702
COPS5,21,2647,132,199344,14.635535616029808
ASH2L,9,2647,45,199344,10.942783058861513
SPI1,24,2647,57,199344,26.89579413470105
CCNA1,10,2647,70,199344,9.471300087783822
CCNA2,15,2647,49,199344,17.90859622793281
OGT,10,2647,46,199344,12.094178692154598
AATF,7,2647,25,199344,11.650787243360533
SPIB,10,2647,18,199344,20.099477537905774
GABPA,7,2647,13,199344,16.542824142163223
RBL1,19,2647,70,199344,18.86898368831066
TRIP4,13,2647,25,199344,22.13434219079471
MAPK14,23,2647,194,199344,12.81051025886748
KAT5,20,2647,125,199344,14.33098151338301
AHR,13,2647,35,199344,18.510848610063597
BRMS1,12,2647,36,199344,16.77655934468175
PML,38,2647,107,199344,30.893675588867616
HIF1A,27,2647,84,199344,24.673409681473384
CDKN1A,22,2647,96,199344,18.479562136673373
SMARCC2,15,2647,71,199344,14.574634763052202
ATF4,15,2647,58,199344,16.323506952727797
ATF7,6,2647,17,199344,12.234875355366169
MAPK11,8,2647,56,199344,8.471388332633742
IKBKG,49,2647,328,199344,21.53573401855744
MYH10,7,2647,52,199344,7.644017093477717
SP4,6,2647,6,199344,21.11531295657846
SP3,23,2647,28,199344,37.359265760417614
IKBKB,44,2647,150,199344,29.965114976385383
SP1,91,2647,192,199344,55.76697591450102
BTRC,16,2647,83,199344,14.286069438181809
NR3C1,48,2647,201,199344,27.93345807834872
SOX8,4,2647,14,199344,8.905440691164202
NFATC2,9,2647,46,199344,10.806082151398728
CDKN2A,15,2647,91,199344,12.630568884886472
KIAA1967,11,2647,43,199344,13.894300698989655
HSPA9,17,2647,67,199344,17.194697943270782
GATA2,11,2647,27,199344,17.891528397794588
HOXC8,3,2647,16,199344,6.08820035256289
HSPA5,19,2647,118,199344,14.020442204618382
HSPA8,39,2647,182,199344,23.690517773217586
POU2F1,19,2647,56,199344,21.313191275963902
HNRNPM,8,2647,54,199344,8.65841228012346
DDX21,6,2647,45,199344,7.035792807475336
REL,43,2647,64,199344,46.02954688954865
MYOD1,24,2647,75,199344,23.20609708915846
PPP4C,6,2647,45,199344,7.035792807475336
HMGA1,20,2647,62,199344,21.276786279954194
TAF4,6,2647,74,199344,5.0955265953278746
HMGA2,8,2647,16,199344,17.00857008947349
EEF1A2,7,2647,33,199344,9.979157120374218
CDK9,17,2647,103,199344,13.456491695600143
JUNB,13,2647,36,199344,18.232608642936498
TEAD2,1,2647,3,199344,4.84297552686387
TAF1,16,2647,135,199344,10.682549365168923
BRCA1,50,2647,213,199344,28.23701353171536
CDK2,23,2647,144,199344,15.35250246117917
MAFK,8,2647,18,199344,15.981148207754389
MATR3,8,2647,35,199344,11.127331052976777
COMMD5,4,2647,5,199344,15.368565107112367
COMMD6,3,2647,3,199344,14.930780978472795
HDAC3,46,2647,158,199344,30.512864339130253
COMMD7,3,2647,3,199344,14.930780978472795
COMMD8,4,2647,5,199344,15.368565107112367
COMMD1,14,2647,28,199344,22.500223306779233
COMMD2,5,2647,5,199344,19.27555535849854
HDAC2,39,2647,211,199344,21.77074943535845
COMMD4,4,2647,5,199344,15.368565107112367
PLK2,13,2647,60,199344,13.763488426114266
HDAC1,69,2647,344,199344,30.34945645255369
TDG,14,2647,31,199344,21.32130003590652
ABL1,21,2647,310,199344,8.377468073662962
HMGB1,19,2647,89,199344,16.50047203601667
TBK1,25,2647,91,199344,21.788695290166718
DNMT1,10,2647,45,199344,12.245113142656903
COMMD10,5,2647,6,199344,17.548735135516814
ATF2,27,2647,76,199344,26.045978692814383
ATF3,11,2647,28,199344,17.54720915556644
SRF,26,2647,80,199344,24.35785304028079
TBP,41,2647,153,199344,27.52288657356435
TERT,9,2647,37,199344,12.220510492863976
TUBB,20,2647,107,199344,15.691422934967902
JUND,18,2647,36,199344,25.51285513421023
RPS27A,18,2647,163,199344,10.835973499405084
RUNX1,22,2647,64,199344,23.096770442036377
HOXA9,5,2647,14,199344,11.240313953587867
DNAJA1,6,2647,55,199344,6.207692436428759
DNAJA3,12,2647,40,199344,15.842273409535457
PRKACA,21,2647,223,199344,10.55320874742941
HSP90AA1,46,2647,226,199344,24.988025427161954
SOX10,5,2647,27,199344,7.803722946185663
EGR1,15,2647,23,199344,26.768311741932575
PDCD11,3,2647,4,199344,12.872432939500987
RB1,59,2647,199,199344,34.902218570270854
BANP,5,2647,8,199344,15.115622246166923
ESR2,39,2647,358,199344,15.812450959261218
PPP1R13L,3,2647,5,199344,11.46157485572619
ESR1,92,2647,579,199344,30.610891913721396
NCOA3,34,2647,94,199344,29.512009894900054
NCOA1,30,2647,77,199344,28.849856117377303
NCOA6,28,2647,78,199344,26.672808132526622
SPTBN1,15,2647,74,199344,14.235690407430182
SKI,11,2647,31,199344,16.61404490428601
UBB,20,2647,132,199344,13.875138669641434
UBC,63,2647,537,199344,21.062713672248226
MDM4,13,2647,34,199344,18.800989028793765
MDM2,40,2647,185,199344,24.114365978094355
NRF1,3,2647,9,199344,8.388279672340875
KPNA3,4,2647,22,199344,6.906224655578137
CLTC,18,2647,113,199344,13.559994347217495
USP9X,9,2647,23,199344,15.838450156435648
Q8WUL7,2,2647,8,199344,5.849381253326316
DPF2,6,2647,19,199344,11.519806564008459
CRX,5,2647,17,199344,10.116012395550595
HCFC1,17,2647,66,199344,17.338750363793842
PDE8A,7,2647,8,199344,21.293116241393996
CEBPD,11,2647,22,199344,19.944316299931963
CEBPB,35,2647,75,199344,34.30268308592828
KAT2B,27,2647,121,199344,20.167576023397178
CEBPA,33,2647,70,199344,33.48760262246352
ZBTB7B,2,2647,5,199344,7.554584604340014
DACH1,9,2647,15,199344,19.85202998487168
NCL,20,2647,83,199344,18.121801607736373
UBE2I,35,2647,210,199344,19.41908138606376
SIRT1,17,2647,65,199344,17.486004989855893
IRF8,8,2647,22,199344,14.356562738066037
AKAP8,6,2647,18,199344,11.862818877603008
CARM1,14,2647,46,199344,17.24656485517808
IRF9,9,2647,30,199344,13.71981122635642
NFYA,14,2647,34,199344,20.299251396084358
IRF2,11,2647,20,199344,20.969654585759294
RXRA,29,2647,112,199344,22.711882933100895
IRF3,11,2647,52,199344,12.490042082210808
IRF1,19,2647,30,199344,29.670032136230265
PRKCZ,15,2647,127,199344,10.320999252035563
HSP90AB1,28,2647,131,199344,20.044481625821632
PRKDC,31,2647,127,199344,22.724533551271858
TUBA1A,10,2647,72,199344,9.311485099676187
APLP2,6,2647,36,199344,8.040263555153272
STUB1,17,2647,82,199344,15.350488771603432
CAD,10,2647,38,199344,13.457038041943354
TSC22D3,5,2647,11,199344,12.78571515674639
TIMM50,9,2647,39,199344,11.865888924435511
FOS,49,2647,166,199344,31.73071012108703
MEN1,18,2647,50,199344,21.418696528065563
CHUK,38,2647,139,199344,26.790428455504504
TNIP2,7,2647,13,199344,16.542824142163223
CSNK2A2,21,2647,97,199344,17.485244880507217
CSNK2A1,41,2647,223,199344,22.253721489414303
ZBTB7A,13,2647,15,199344,28.874837478307892
