logFC	ID	logFC	AveExpr	t	P.Value	adj.P.Val	B	gene.symbols1
-2.354011673	1418191_at	-2.354011673	3.686717312	-3.16966599	0.009025633	0.593950331	-2.436064145	Usp18
-1.691374324	1425923_at	-1.691374324	9.396596929	-6.69331975	3.57E-05	0.040408757	2.391007133	Mycn
-1.497567109	1459923_at	-1.497567109	6.064518513	-2.493882918	0.030017172	0.925049906	-3.516520017	Bex6
-1.363240663	1450639_at	-1.363240663	4.475074622	-2.853328653	0.015841871	0.712908027	-2.944009839	NA
-1.335324021	1425215_at	-1.335324021	5.073544707	-4.162854781	0.001614659	0.299453032	-0.882758807	Ffar2
-1.22946799	1425546_a_at	-1.22946799	5.573050965	-2.890538723	0.014825855	0.693329025	-2.884297697	Trf
-1.16059324	1425216_at	-1.16059324	5.212622649	-2.431400435	0.03352399	0.942079579	-3.614693175	Ffar2
-1.146375085	1420994_at	-1.146375085	7.558488748	-2.411859834	0.034700522	0.942902036	-3.645278663	B3gnt5
-1.074942777	1417894_at	-1.074942777	6.747657992	-3.131837088	0.009652089	0.606633813	-2.496755444	Gpr97
-1.046637414	1417793_at	-1.046637414	4.705275329	-2.854229773	0.015816461	0.712908027	-2.942564277	Irgm2
-1.019169907	1426120_a_at	-1.019169907	4.005938334	-2.919897571	0.014070528	0.690852001	-2.837160167	NA
-1.008351239	1419537_at	-1.008351239	6.290470637	-3.556867347	0.004564337	0.448468482	-1.819108828	Tfec
-1.004565216	1417300_at	-1.004565216	4.056175875	-2.311614645	0.041395226	0.994276426	-3.80119051	Smpdl3b
1.001562011	1460239_at	1.001562011	8.386683752	4.952353537	0.000446713	0.143794684	0.25678809	Tspan13
1.001848048	1449164_at	1.001848048	6.386846664	2.572040635	0.026133065	0.904108145	-3.393007443	Cd68
1.005198172	1430195_at	1.005198172	5.229728057	2.397696564	0.035578302	0.953406207	-3.667410126	2810043O03Rik
1.013200927	1435176_a_at	1.013200927	5.542031207	3.155899942	0.009248681	0.597887613	-2.458145016	Id2
1.019659426	1425814_a_at	1.019659426	7.40884787	2.91127109	0.014288368	0.690852001	-2.851012385	Calcrl
1.019728628	1426208_x_at	1.019728628	3.319757506	2.477903413	0.030878305	0.926594877	-3.541678805	Plagl1
1.02172839	1455214_at	1.02172839	4.127566668	3.46681804	0.005343335	0.495484829	-1.961666811	Mitf
1.022442214	1419605_at	1.022442214	4.380107305	3.547687889	0.004638099	0.448468482	-1.833608734	Clec10a
1.02329174	1434151_at	1.02329174	6.488492647	2.440415233	0.032994399	0.939708937	-3.600563455	Mettl7a1
1.024574716	1425742_a_at	1.024574716	8.886225158	2.993219775	0.012348674	0.681337122	-2.719381753	Tsc22d1
1.024986954	1433645_at	1.024986954	4.479894064	3.187430684	0.008745846	0.593950331	-2.407578582	NA
1.040469866	1416635_at	1.040469866	5.34113656	2.525401701	0.028387014	0.914935301	-3.466798857	Smpdl3a
1.042293594	1430391_a_at	1.042293594	3.812253925	4.524439718	0.000887031	0.213510189	-0.348266686	St8sia4
1.045899568	1454971_x_at	1.045899568	10.22859353	4.183346521	0.001560061	0.299135162	-0.85193576	Tsc22d1
1.058607997	1437234_x_at	1.058607997	4.963761484	2.349196357	0.038750502	0.97911823	-3.742945311	Prmt2
1.087279168	1427447_a_at	1.087279168	4.376275188	2.361972341	0.037889232	0.971974797	-3.723086698	Triobp
1.090166605	1431890_a_at	1.090166605	3.193018354	7.398926465	1.44E-05	0.028038167	3.112534638	Mllt3
1.094236735	1415812_at	1.094236735	4.02551866	3.189944448	0.008706973	0.593950331	-2.403548666	Gsn
1.095727423	1421375_a_at	1.095727423	8.072418532	2.454616147	0.032176649	0.939708937	-3.578280828	S100a6
1.096065468	1439380_x_at	1.096065468	5.408400743	3.198048285	0.008582846	0.593950331	-2.390558649	Meg3
1.107243359	1426261_s_at	1.107243359	5.002184801	8.515419783	3.83E-06	0.01445772	4.106492685	NA
1.108989204	1428572_at	1.108989204	7.422830568	3.691089857	0.00361376	0.433227518	-1.608013326	Basp1
1.125525517	1438183_x_at	1.125525517	4.090913948	4.126056062	0.001717771	0.303642821	-0.93826325	Sord
1.128424064	1448995_at	1.128424064	9.113482477	5.341186264	0.000244933	0.113953578	0.779205884	Pf4
1.139744005	1435240_at	1.139744005	6.243133825	6.899132563	2.72E-05	0.034216486	2.609487971	Baz2b
1.142420126	1418643_at	1.142420126	9.052896364	5.976234887	9.61E-05	0.064282201	1.575324551	Tspan13
1.145276137	1448730_at	1.145276137	7.88362683	2.555447966	0.02691403	0.909681487	-3.419288407	Cpa3
1.145670145	1437463_x_at	1.145670145	6.838550514	2.398271232	0.03554227	0.953406207	-3.666512776	Tgfbi
1.149113062	1428074_at	1.149113062	4.620117255	4.275480918	0.001337391	0.270176862	-0.714118073	Tmem158
1.153396779	1419538_at	1.153396779	6.993218136	2.575425723	0.0259765	0.904108145	-3.387642164	Flt3
1.15379806	1452072_at	1.15379806	5.190659272	4.167517188	0.001602063	0.299453032	-0.875740372	Myct1
1.154095413	1421230_a_at	1.154095413	4.266568361	6.239668529	6.63E-05	0.054760526	1.885027934	Msi2
1.162767014	1450513_at	1.162767014	4.532069369	3.33668181	0.00671746	0.55068569	-2.168793968	Cd33
1.168215062	1424302_at	1.168215062	3.439405846	2.442784681	0.032856561	0.939708937	-3.596847602	Lilrb3
1.17417758	1422527_at	1.17417758	5.171383286	2.349834194	0.038707057	0.97911823	-3.741954556	H2-DMa
1.176667931	1419665_a_at	1.176667931	3.972074904	5.294786248	0.000262845	0.113953578	0.718259337	Nupr1
1.188682384	1417071_s_at	1.188682384	4.761861288	3.224143281	0.008195237	0.579454475	-2.348747	Cyp4v3
1.195869139	1436994_a_at	1.195869139	5.450350259	2.4302151	0.033594238	0.942079579	-3.616550155	Hist1h1c
1.200399187	1434472_at	1.200399187	4.646768171	4.397467543	0.001092541	0.244031114	-0.533634767	Dusp3
1.218561053	1454758_a_at	1.218561053	7.340044637	3.247020496	0.007870093	0.570733099	-2.312114633	Tsc22d1
1.225739898	1456312_x_at	1.225739898	6.96602033	3.107626178	0.010075996	0.621532845	-2.535618385	Gsn
1.228668069	1448530_at	1.228668069	4.237592927	5.972736128	9.66E-05	0.064282201	1.571131152	Gmpr
1.230283034	1418398_a_at	1.230283034	4.959911838	3.328265013	0.006817917	0.55093636	-2.18222905	Tspan32
1.237358989	1420382_at	1.237358989	4.557461277	5.437303292	0.000211824	0.108925461	0.904249181	Apobr
1.238774564	1424356_a_at	1.238774564	5.761505584	3.406835245	0.005936859	0.533495397	-2.056988549	Metrnl
1.244396118	1438365_x_at	1.244396118	8.261861377	5.619894808	0.000161332	0.089090896	1.137310059	Laptm4b
1.264215911	1428114_at	1.264215911	3.623204739	3.065635996	0.010856412	0.646413654	-2.603047952	Slc14a1
1.266173907	1417756_a_at	1.266173907	6.909795367	3.565691299	0.00449457	0.448468482	-1.805177702	Lsp1
1.271440044	1452716_at	1.271440044	5.915162748	3.870584255	0.002651896	0.369668728	-1.328751606	5730469M10Rik
1.274003964	1419589_at	1.274003964	7.506209834	3.811790054	0.002933712	0.385919639	-1.419811724	Cd93
1.279626831	1436915_x_at	1.279626831	7.132128805	3.873733314	0.002637618	0.369668728	-1.32388628	Laptm4b
1.281808985	1453287_at	1.281808985	2.9417614	5.331381103	0.000248608	0.113953578	0.766358378	Ankrd33b
1.282673695	1450699_at	1.282673695	4.215704281	3.769096133	0.003157685	0.401850347	-1.48619363	Selenbp1
1.327176685	1416827_at	1.327176685	6.269535972	4.816984378	0.00055344	0.153275812	0.068736912	Tbxas1
1.342973335	1437171_x_at	1.342973335	5.56396867	2.668369744	0.02202129	0.857007461	-3.239890659	Gsn
1.34968004	1416013_at	1.34968004	5.17315452	3.196840445	0.008601232	0.593950331	-2.392494598	Pld3
1.351960495	1448123_s_at	1.351960495	7.267277541	2.502684104	0.029552962	0.922901211	-3.502648728	Tgfbi
1.353195249	1448213_at	1.353195249	9.810145372	5.172621634	0.000316986	0.119535514	0.555983973	Anxa1
1.35599643	1419532_at	1.35599643	4.951054861	3.11520861	0.009941245	0.617941219	-2.523445742	Il1r2
1.362708223	1454708_at	1.362708223	5.194623414	2.911218775	0.014289699	0.690852001	-2.851096387	Ablim1
1.36932101	1427363_at	1.36932101	5.12944289	4.592497678	0.000794	0.20414818	-0.249982768	NA
1.369506614	1436991_x_at	1.369506614	5.455003163	2.351919498	0.038565351	0.97911823	-3.738714947	Gsn
1.38555413	1418626_a_at	1.38555413	2.737503412	3.782863183	0.003083591	0.400973113	-1.464765023	Clu
1.388611603	1452519_a_at	1.388611603	6.293234288	4.110047812	0.00176475	0.307147989	-0.962469582	Zfp36
1.391932222	1450905_at	1.391932222	5.27652519	4.098648089	0.001799021	0.308368518	-0.9797295	Plxnc1
1.4004301	1427351_s_at	1.4004301	4.984964118	2.44099694	0.032960508	0.939708937	-3.599651278	Ighm
1.413164129	1420664_s_at	1.413164129	5.26602126	5.272434424	0.000271966	0.113953578	0.688764855	Procr
1.414765146	1448752_at	1.414765146	9.036446499	2.898238853	0.014623901	0.693329025	-2.871936443	Car2
1.428809663	1451161_a_at	1.428809663	6.059775996	3.291478916	0.007275295	0.557484301	-2.240995751	Emr1
1.45819591	1436212_at	1.45819591	5.055902013	4.814658006	0.000555494	0.153275812	0.065477687	Tmem71
1.459558193	1427742_a_at	1.459558193	3.997461218	2.914379066	0.014209496	0.690852001	-2.846021825	Klf6
1.460947558	1422760_at	1.460947558	3.426807471	5.898972078	0.000107377	0.064465502	1.482229292	Padi4
1.528770749	1433428_x_at	1.528770749	7.670311518	3.759918133	0.003208104	0.401850347	-1.500491379	Tgm2
1.546447171	1419599_s_at	1.546447171	6.417898157	2.86939958	0.015394769	0.705105336	-2.918225244	Ms4a6d
1.568744192	1433508_at	1.568744192	5.250111515	2.900773043	0.014558041	0.693329025	-2.86786793	Klf6
1.572862133	1421579_at	1.572862133	3.935268084	7.282010287	1.67E-05	0.028038167	2.99826374	Hoxa9
1.573386893	1416101_a_at	1.573386893	6.440412488	4.842432776	0.000531489	0.153275812	0.104329466	Hist1h1c
1.598284651	1437277_x_at	1.598284651	8.062219672	3.759363876	0.003211175	0.401850347	-1.501355122	Tgm2
1.601546454	1420805_at	1.601546454	6.676666076	3.061431833	0.010937843	0.647852436	-2.609800662	Myl10
1.616581291	1416041_at	1.616581291	5.156306174	4.006530274	0.002102735	0.339832084	-1.119866953	Sgk1
1.620083691	1455900_x_at	1.620083691	6.535897959	4.136072509	0.001689041	0.303642821	-0.923135859	Tgm2
1.642101598	1448233_at	1.642101598	7.002571199	3.524610541	0.004829003	0.459079906	-1.870094992	Prnp
1.643439098	1419561_at	1.643439098	5.791856353	2.380391362	0.036680124	0.962907566	-3.694407116	Ccl3
1.679227656	1417065_at	1.679227656	5.020735337	2.548688386	0.027238721	0.909681487	-3.429986061	Egr1
1.69233848	1417500_a_at	1.69233848	5.085792025	2.507154207	0.029319891	0.921089948	-3.495599719	Tgm2
1.740332341	1448830_at	1.740332341	6.66578541	3.857486906	0.002712146	0.369668728	-1.349000281	Dusp1
1.753777452	1449048_s_at	1.753777452	4.351849937	5.275674451	0.000270623	0.113953578	0.693045702	Rab4a
1.775766951	1449360_at	1.775766951	6.382071686	4.275847839	0.001336574	0.270176862	-0.713571768	Csf2rb2
1.783268923	1422631_at	1.783268923	5.126403654	4.72577731	0.00064031	0.172471982	-0.059733009	Ahr
1.799335795	1452366_at	1.799335795	5.191807403	6.364780527	5.57E-05	0.054760526	2.027987028	Csgalnact1
1.887216173	1449431_at	1.887216173	4.171230398	6.945834172	2.56E-05	0.034216486	2.658127018	Trpc6
1.928017604	1417184_s_at	1.928017604	8.328234579	4.130178109	0.001705886	0.303642821	-0.932036165	NA
1.958421491	1421193_a_at	1.958421491	3.493868799	6.174431382	7.26E-05	0.054760526	1.809436069	Pbx3
1.983383959	1448926_at	1.983383959	3.659272406	8.113089206	6.08E-06	0.017192005	3.767803425	Hoxa5
2.036160756	1418809_at	2.036160756	3.968187285	4.233332781	0.001434818	0.279863678	-0.777007304	NA
2.355949762	1437458_x_at	2.355949762	4.985208281	5.185019846	0.000310988	0.119535514	0.572572521	Clu
2.532932123	1454849_x_at	2.532932123	4.723287572	4.948551528	0.000449393	0.143794684	0.25154957	Clu
2.593791387	1450967_at	2.593791387	5.295309544	7.249537529	1.73E-05	0.028038167	2.966162211	Ptplad2
2.757396583	1434736_at	2.757396583	5.644914002	3.555073894	0.004578653	0.448468482	-1.821941175	Hlf
2.929119805	1437689_x_at	2.929119805	4.713049496	6.261297776	6.43E-05	0.054760526	1.909931118	Clu
3.107334776	1434735_at	3.107334776	6.019630095	5.603157471	0.000165377	0.089090896	1.116190571	Hlf
4.38446039	1427242_at	4.38446039	3.646246143	30.21196541	7.45E-12	8.43E-08	9.726610344	Ddx4
5.029458267	1416325_at	5.029458267	4.672370588	11.97095611	1.31E-07	0.000742053	6.300460756	Crisp1
