logFC	ID	logFC	AveExpr	t	P.Value	adj.P.Val	B	gene.symbols2
-1.978458878	1450753_at	-1.978458878	6.171594449	-3.406178338	0.00594372	0.270123575	-2.146592198	Nkg7
-1.96485998	1450639_at	-1.96485998	4.475074622	-4.112546985	0.001757328	0.157782993	-0.99383367	NA
-1.710487351	1418191_at	-1.710487351	3.686717312	-2.303163423	0.042013532	0.583728506	-3.969398543	Usp18
-1.676620299	1425923_at	-1.676620299	9.396596929	-6.634933262	3.86E-05	0.028782666	2.531938304	Mycn
-1.663081604	1448688_at	-1.663081604	5.619652244	-2.095573176	0.060299883	0.638738363	-4.295327399	Podxl
-1.500412711	1427760_s_at	-1.500412711	5.815510162	-1.958701994	0.076237581	0.683375263	-4.503584013	NA
-1.48920505	1420444_at	-1.48920505	4.967604672	-3.898542328	0.002527886	0.186914881	-1.337723949	Slc22a3
-1.386316827	1437687_x_at	-1.386316827	6.262431315	-2.789735151	0.017742125	0.417594617	-3.174453021	NA
-1.382094254	1422953_at	-1.382094254	3.151789036	-2.368487945	0.037457166	0.555637567	-3.864782222	Fpr2
-1.358684381	1434465_x_at	-1.358684381	6.634105105	-2.490584514	0.030192976	0.515193268	-3.667136145	Vldlr
-1.34908218	1452035_at	-1.34908218	4.766511577	-3.012998678	0.011921658	0.359658478	-2.802412059	Col4a1
-1.345522493	1435998_at	-1.345522493	6.869683306	-5.323194853	0.00025172	0.05779446	0.827645265	Ccnb1ip1
-1.186140746	1423429_at	-1.186140746	4.341774192	-1.914481893	0.082174858	0.694801325	-4.569532975	Rhox5
-1.17988285	1426724_at	-1.17988285	4.060955061	-5.981616743	9.54E-05	0.039963742	1.718502136	Cnn3
-1.169828894	1436836_x_at	-1.169828894	6.38471228	-3.885031015	0.002587047	0.188821048	-1.359615511	Cnn3
-1.150139925	1459994_x_at	-1.150139925	6.571031655	-2.798789078	0.017458281	0.417594617	-3.159412548	Tfr2
-1.101759473	1455570_x_at	-1.101759473	6.146864472	-4.172214572	0.001589477	0.149552092	-0.898967689	Cnn3
-1.083220539	1423555_a_at	-1.083220539	4.158194308	-1.34938141	0.204589809	0.881735476	-5.336163524	Ifi44
-1.059501822	1424882_a_at	-1.059501822	5.838288586	-2.738923373	0.019422567	0.430838242	-3.258754969	Nt5dc2
-1.058899621	1448740_at	-1.058899621	6.841052282	-3.740661442	0.003316614	0.209613683	-1.594738852	Rangrf
-1.041625616	1450478_a_at	-1.041625616	4.216390417	-3.004181033	0.012110156	0.360172582	-2.817136274	Ptpn12
-1.033305749	1450047_at	-1.033305749	4.654684452	-2.348842848	0.0387746	0.566009101	-3.896333431	Hs6st2
-1.020866515	1420463_at	-1.020866515	6.396391571	-3.242202679	0.007937457	0.309300162	-2.419652971	Clnk
-1.007102525	1418580_at	-1.007102525	6.759441944	-1.27015917	0.230485851	0.894877806	-5.429632305	Rtp4
1.003979066	1423584_at	1.003979066	6.228784099	2.987626945	0.012472193	0.362719576	-2.844775498	NA
1.006366848	1460351_at	1.006366848	8.46438753	2.527903145	0.028261422	0.504798236	-3.606249986	S100a11
1.006688967	1423590_at	1.006688967	7.929940567	1.560671259	0.147162093	0.807547055	-5.068322038	Napsa
1.009230705	1426721_s_at	1.009230705	6.795045452	3.22623039	0.008165015	0.312063572	-2.446303077	Tiparp
1.011452114	1428794_at	1.011452114	3.781472943	3.559776508	0.004541213	0.240821502	-1.89211724	Specc1
1.012686367	1437434_a_at	1.012686367	6.264233673	5.308176505	0.000257538	0.05779446	0.806482265	Wls
1.013665976	1434378_a_at	1.013665976	5.851765855	2.803112298	0.01732435	0.417594617	-3.152228894	Mxd4
1.01649739	1424800_at	1.01649739	6.21851744	1.185061437	0.261200996	0.922531384	-5.525386191	Enah
1.021887319	1427076_at	1.021887319	6.094225415	2.449506278	0.032468594	0.527390307	-3.73391239	Mpeg1
1.022678422	1420464_s_at	1.022678422	3.03479493	2.10811264	0.05900841	0.636355995	-4.275960441	NA
1.026539537	1456341_a_at	1.026539537	7.793172667	1.848402732	0.091846957	0.722062247	-4.666741805	Klf9
1.030313889	1460218_at	1.030313889	5.637416367	3.460420824	0.005403625	0.260071073	-2.0565528	Cd52
1.030740203	1422189_x_at	1.030740203	6.694400086	0.982614019	0.347116809	0.95212008	-5.732156037	Tcrg-V4
1.03174559	1417491_at	1.03174559	3.334590563	2.945346351	0.013447126	0.375623052	-2.915340266	Ctsb
1.033387287	1448188_at	1.033387287	7.47017622	1.7336455	0.111149969	0.756170426	-4.83140613	Ucp2
1.033433542	1422188_s_at	1.033433542	7.030835618	0.878337698	0.398718718	0.964806952	-5.826146133	NA
1.034668851	1448148_at	1.034668851	7.743342692	2.867837908	0.015437655	0.404273597	-3.044547032	Grn
1.035484726	1448021_at	1.035484726	2.672027288	2.119343717	0.057873952	0.636137474	-4.258576139	Fam46c
1.036032158	1424801_at	1.036032158	5.564066758	1.209908207	0.251913787	0.914602268	-5.497942171	Enah
1.038841948	1420671_x_at	1.038841948	4.762369718	1.829616941	0.094781532	0.728876484	-4.694069566	Ms4a4c
1.041595554	1448591_at	1.041595554	9.325780012	2.469813694	0.031323424	0.526043825	-3.700934129	Ctss
1.041849486	1418594_a_at	1.041849486	3.636519585	3.117819548	0.009895268	0.332787388	-2.627323152	Ncoa1
1.048427502	1415812_at	1.048427502	4.02551866	3.056400302	0.01103611	0.351694413	-2.729922712	Gsn
1.049734714	1438183_x_at	1.049734714	4.090913948	3.848215091	0.002755655	0.191255953	-1.419367608	Sord
1.05416264	1420394_s_at	1.05416264	9.1013558	3.445683779	0.005545184	0.260195164	-2.080998319	NA
1.054344067	1436448_a_at	1.054344067	6.998755091	2.528864815	0.028213284	0.504798236	-3.604678364	Ptgs1
1.05870889	1420699_at	1.05870889	5.787247897	2.391259782	0.035984324	0.552249207	-3.828117391	Clec7a
1.062894664	1449043_at	1.062894664	4.131840758	3.233872332	0.008055323	0.309965543	-2.43355148	Naga
1.064601541	1425814_a_at	1.064601541	7.40884787	3.039587152	0.011370995	0.357333514	-2.758006392	Calcrl
1.068564702	1449109_at	1.068564702	8.047877246	2.454572025	0.032179159	0.527390307	-3.725692088	Socs2
1.069112463	1449366_at	1.069112463	6.774786442	1.799927195	0.099594484	0.728876484	-4.736969323	Mmp8
1.070846873	1424383_at	1.070846873	3.972241607	3.579314234	0.004389007	0.238821897	-1.859865386	Tmem51
1.076142313	1449499_at	1.076142313	4.329437935	3.075520593	0.010667364	0.342840602	-2.697983137	Hoxa7
1.079386204	1420796_at	1.079386204	3.874473076	4.039601078	0.001987978	0.169097737	-1.110429343	Ahrr
1.084260442	1456195_x_at	1.084260442	3.926583084	3.035874589	0.011446315	0.358417839	-2.76420729	Itgb5
1.088393996	1448261_at	1.088393996	2.89617694	3.240883079	0.007956011	0.309300162	-2.421854489	Cdh1
1.088671045	1439283_at	1.088671045	3.494201037	2.70046833	0.020798778	0.439600937	-3.322420493	Osbpl9
1.096451995	1419538_at	1.096451995	6.993218136	2.448273415	0.032539418	0.527390307	-3.73591235	Flt3
1.101187545	1424463_at	1.101187545	7.43565945	3.541374223	0.004689543	0.243361485	-1.922521074	Mfsd6
1.101341677	1416250_at	1.101341677	4.518861957	3.587760484	0.004324843	0.23866806	-1.845931896	Btg2
1.103509706	1448694_at	1.103509706	5.270446739	5.076503682	0.000367863	0.066355944	0.475286665	Jun
1.108528646	1450430_at	1.108528646	5.32779554	1.799664178	0.099638099	0.728876484	-4.73734775	Mrc1
1.114108957	1452251_at	1.114108957	3.153937457	4.067098535	0.001897533	0.166409271	-1.066399452	Nbea
1.117872339	1452366_at	1.117872339	5.191807403	3.954243625	0.002298443	0.176886287	-1.247691705	Csgalnact1
1.117969405	1435240_at	1.117969405	6.243133825	6.767325904	3.24E-05	0.028159261	2.688471001	Baz2b
1.121098887	1418203_at	1.121098887	5.3525909	2.301937052	0.042103992	0.583728506	-3.971354166	Pmaip1
1.122460509	1448731_at	1.122460509	2.713255856	8.414516764	4.30E-06	0.006944543	4.420515685	Il10ra
1.125740375	1420664_s_at	1.125740375	5.26602126	4.20007286	0.001516927	0.148041269	-0.854835819	Procr
1.129219354	1436994_a_at	1.129219354	5.450350259	2.294771089	0.042636336	0.58557474	-3.982774876	Hist1h1c
1.129463744	1448749_at	1.129463744	5.827294506	1.796408861	0.100179351	0.730708573	-4.742029096	Plek
1.129904967	1449731_s_at	1.129904967	6.474979106	1.85055108	0.091516715	0.720499432	-4.663607699	Nfkbia
1.130372571	1455796_x_at	1.130372571	3.308678589	2.29366894	0.042718786	0.58557474	-3.984530437	Olfm1
1.13164382	1416013_at	1.13164382	5.17315452	2.680401743	0.021554909	0.448427699	-3.35559046	Pld3
1.132929542	1418350_at	1.132929542	6.54203249	3.360746222	0.006438508	0.281221892	-2.222130755	Hbegf
1.135176121	1439389_s_at	1.135176121	7.857048529	5.275564085	0.000270669	0.05779446	0.760397587	Myadm
1.136895476	1449431_at	1.136895476	4.171230398	4.184304671	0.001557556	0.149327403	-0.879802414	Trpc6
1.137436277	1452161_at	1.137436277	4.834390576	1.799469091	0.099670461	0.728876484	-4.737628421	Tiparp
1.13845701	1426894_s_at	1.13845701	3.587914781	3.781673072	0.003089924	0.205080146	-1.527729306	Fam102a
1.1397508	1448926_at	1.1397508	3.659272406	4.662183471	0.000709311	0.091186817	-0.138807683	Hoxa5
1.141116352	1456133_x_at	1.141116352	4.401547232	4.408762277	0.001072382	0.118671643	-0.527629317	Itgb5
1.141249258	1418346_at	1.141249258	3.284221112	4.11994695	0.001735543	0.157073612	-0.982043323	Insl6
1.146145594	1448233_at	1.146145594	7.002571199	2.460089466	0.031866781	0.527390307	-3.716734074	Prnp
1.150073173	1452279_at	1.150073173	7.144761621	3.571875097	0.004446332	0.239530253	-1.872142074	Cfp
1.154873631	1419297_at	1.154873631	4.325701252	4.721983287	0.000644221	0.084745035	-0.048487185	H2-Oa
1.155570533	1437025_at	1.155570533	2.904681473	2.69338386	0.021062676	0.442852302	-3.334135341	Cd28
1.160634772	1420805_at	1.160634772	6.676666076	2.218608289	0.048709376	0.603305855	-4.103447281	Myl10
1.161992615	1420843_at	1.161992615	4.530862524	6.191493677	7.09E-05	0.034870103	1.987362405	Ptprf
1.16396274	1416619_at	1.16396274	4.672404764	4.406910853	0.00107566	0.118671643	-0.530505073	4632428N05Rik
1.164334981	1419605_at	1.164334981	4.380107305	4.040029892	0.001986534	0.169097737	-1.109741993	Clec10a
1.166509536	1418057_at	1.166509536	5.92373275	4.015660184	0.002070381	0.1718982	-1.148840098	Tiam1
1.174038331	1415897_a_at	1.174038331	5.008197529	3.438869817	0.005611917	0.260195164	-2.092305619	Mgst1
1.175243375	1455214_at	1.175243375	4.127566668	3.987708449	0.002171107	0.174112009	-1.193773614	Mitf
1.17721352	1454758_a_at	1.17721352	7.340044637	3.13684441	0.009566697	0.332673794	-2.595544687	Tsc22d1
1.186114411	1449838_at	1.186114411	2.824448381	3.244007068	0.007912159	0.309300162	-2.416642748	Crisp3
1.187005002	1449456_a_at	1.187005002	5.013137357	1.819664434	0.096370742	0.728876484	-4.708490293	Cma1
1.191328732	1448748_at	1.191328732	8.159588287	3.757705074	0.003220385	0.2093192	-1.566870931	Plek
1.209746156	1417612_at	1.209746156	6.045927283	5.101858498	0.000353653	0.066355944	0.511965144	Ier5
1.227173855	1450513_at	1.227173855	4.532069369	3.521503991	0.004855311	0.248543612	-1.955377935	Cd33
1.2279104	1419598_at	1.2279104	5.643055263	2.232210402	0.047567126	0.597918778	-4.081995047	Ms4a6d
1.235778601	1439256_x_at	1.235778601	5.268107023	3.027499625	0.011618079	0.359658478	-2.778194993	Gpr137b-ps
1.23723249	1420382_at	1.23723249	4.557461277	5.43674742	0.000212001	0.053402844	0.98644151	Apobr
1.241642411	1452217_at	1.241642411	4.327275564	3.439919595	0.005601583	0.260195164	-2.090563405	Ahnak
1.249291746	1455899_x_at	1.249291746	6.262812208	3.555031615	0.004578991	0.240821502	-1.899954234	Socs3
1.252157765	1430391_a_at	1.252157765	3.812253925	5.435428518	0.000212422	0.053402844	0.984609446	St8sia4
1.252800115	1429173_at	1.252800115	3.666184504	3.596658393	0.004258293	0.236784265	-1.831259399	Dnase1l1
1.252981372	1419627_s_at	1.252981372	7.139814095	2.295732378	0.042564549	0.58557474	-3.981243468	Clec4n
1.259489407	1454971_x_at	1.259489407	10.22859353	5.037654465	0.00039082	0.068020657	0.418882565	Tsc22d1
1.262012498	1423213_at	1.262012498	5.346852131	4.637363659	0.000738329	0.091788092	-0.176458143	Plxnc1
1.269459331	1448724_at	1.269459331	6.567023121	4.054995405	0.001936803	0.167259949	-1.085767855	Cish
1.271704986	1418280_at	1.271704986	2.854023115	3.118949509	0.009875437	0.332787388	-2.625435634	Klf6
1.271710546	1419872_at	1.271710546	7.422211698	2.601912201	0.024782946	0.481870197	-3.484942958	Csf1r
1.273211871	1450291_s_at	1.273211871	5.381848627	1.80582278	0.0986214	0.728876484	-4.728479294	Ms4a4c
1.273286527	1424356_a_at	1.273286527	5.761505584	3.50174886	0.005026096	0.252712108	-1.988072013	Metrnl
1.27421034	1455021_at	1.27421034	5.280983121	2.633489108	0.023430527	0.470816261	-3.432982865	Gabbr1
1.27855313	1453576_at	1.27855313	5.578238076	5.21763427	0.000295776	0.059752005	0.678101504	Nipbl
1.280027694	1434517_at	1.280027694	6.039013404	3.103580569	0.010148647	0.332787388	-2.651108838	Wdfy2
1.280061956	1437455_a_at	1.280061956	7.292038188	2.814966886	0.016962339	0.417594617	-3.13252475	Btg1
1.288555681	1451206_s_at	1.288555681	8.861165904	3.915762558	0.002454515	0.18487383	-1.309852573	Cytip
1.292486164	1449580_s_at	1.292486164	4.472233169	3.109932273	0.010034818	0.332787388	-2.640498448	NA
1.292666471	1425742_a_at	1.292666471	8.886225158	3.776430146	0.003117987	0.205080146	-1.536286535	Tsc22d1
1.295116809	1418219_at	1.295116809	4.276063583	2.380905759	0.0366469	0.553456295	-3.844800355	Il15
1.304612118	1417256_at	1.304612118	3.115937411	3.147033195	0.009395302	0.330834767	-2.578526984	Mmp13
1.304967793	1448390_a_at	1.304967793	4.075062822	3.104265729	0.010136306	0.332787388	-2.649964286	Dhrs3
1.312189079	1436512_at	1.312189079	3.889420621	5.26311081	0.000275869	0.05779446	0.742753227	Arl4c
1.315571339	1419873_s_at	1.315571339	5.761265361	2.790607921	0.017714564	0.417594617	-3.173003402	Csf1r
1.317125811	1418507_s_at	1.317125811	7.284285191	1.648043307	0.127853223	0.784426996	-4.950462192	Socs2
1.32560163	1435697_a_at	1.32560163	9.597247012	4.95238679	0.000446689	0.073237622	0.29422093	Cytip
1.326304611	1449048_s_at	1.326304611	4.351849937	3.989760128	0.002163543	0.174112009	-1.190472278	Rab4a
1.328520457	1434735_at	1.328520457	6.019630095	2.395592963	0.035710502	0.551149938	-3.821129688	Hlf
1.330922241	1434472_at	1.330922241	4.646768171	4.87561756	0.000504235	0.074848104	0.180975702	Dusp3
1.331061492	1433883_at	1.331061492	7.583830606	5.690560022	0.000145379	0.048372808	1.333604348	Tpm4
1.332956828	1452141_a_at	1.332956828	6.880027871	5.063490492	0.000375389	0.066355944	0.456420713	Sepp1
1.334928838	1437463_x_at	1.334928838	6.838550514	2.794453049	0.017593647	0.417594617	-3.166616275	Tgfbi
1.345640558	1448728_a_at	1.345640558	2.882994189	3.108279346	0.010064315	0.332787388	-2.643259615	Nfkbiz
1.349900386	1449153_at	1.349900386	5.028385885	2.25966654	0.045339192	0.592875455	-4.038559792	Mmp12
1.350129063	1422473_at	1.350129063	4.50693636	2.661183732	0.022304585	0.458785045	-3.387321708	Pde4b
1.357387076	1435448_at	1.357387076	4.268639859	4.73192445	0.000634025	0.084745035	-0.03352641	Bcl2l11
1.357422329	1456312_x_at	1.357422329	6.96602033	3.441481484	0.005586243	0.260195164	-2.087971411	Gsn
1.367206609	1448377_at	1.367206609	6.906749142	3.527193109	0.004807243	0.247201558	-1.945967684	Slpi
1.3685813	1418944_at	1.3685813	3.273359998	5.859500228	0.000113666	0.041256155	1.558725705	Cysltr1
1.371313331	1417277_at	1.371313331	4.701808598	4.928330554	0.000463936	0.0736738	0.258837021	Cyp4f16
1.372857246	1418939_at	1.372857246	3.129714388	3.835772624	0.002815182	0.194196095	-1.439594665	Hlx
1.376945295	1448786_at	1.376945295	4.692755436	2.486357324	0.030419757	0.518281199	-3.674019939	Plbd1
1.385366349	1419714_at	1.385366349	4.600518018	4.351114694	0.001179528	0.123555588	-0.617403299	Cd274
1.39211338	1425784_a_at	1.39211338	3.724002546	2.752962586	0.018943025	0.428227134	-3.235481654	Olfm1
1.394401165	1450618_a_at	1.394401165	3.540370028	1.627587165	0.132161451	0.786777034	-4.97839889	NA
1.395115443	1426083_a_at	1.395115443	6.530872622	4.398354342	0.001090944	0.118671643	-0.543802077	Btg1
1.395336964	1419060_at	1.395336964	6.336315394	2.626551322	0.023721278	0.471063858	-3.444408646	Gzmb
1.39847002	1430172_a_at	1.39847002	4.6248806	2.136003971	0.056229088	0.627956237	-4.232723009	NA
1.398820557	1428306_at	1.398820557	5.16730716	4.984165963	0.000424938	0.072219767	0.340820526	Ddit4
1.400336532	1418480_at	1.400336532	5.53745254	1.927530137	0.080379802	0.692502778	-4.550145596	Ppbp
1.403317777	1426258_at	1.403317777	4.375795554	5.566182592	0.0001747	0.053402844	1.164825506	Sorl1
1.40415797	1418773_at	1.40415797	4.10366432	4.198081751	0.001521996	0.148041269	-0.857986614	Fads3
1.411996854	1417597_at	1.411996854	3.017587198	2.111094803	0.058705144	0.636355995	-4.271347915	Cd28
1.425393428	1448213_at	1.425393428	9.810145372	5.448600925	0.000208256	0.053402844	1.002893997	Anxa1
1.430117869	1456250_x_at	1.430117869	7.600093861	2.450699841	0.032400171	0.527390307	-3.731975947	Tgfbi
1.430555044	1415712_at	1.430555044	4.081403274	5.533076027	0.000183524	0.053402844	1.119465135	Zranb1
1.439313157	1450241_a_at	1.439313157	5.99890463	3.787583968	0.0030586	0.205080146	-1.518085163	Evi2a
1.480096738	1450644_at	1.480096738	7.003035991	3.510490533	0.004949775	0.250468508	-1.973601516	Zfp36l1
1.48248231	1422013_at	1.48248231	3.443386694	2.582425745	0.025655663	0.487103288	-3.516950187	Clec4a2
1.485911944	1419248_at	1.485911944	7.49091148	3.70135044	0.003550073	0.214769933	-1.659121699	Rgs2
1.490863338	1421326_at	1.490863338	5.026694538	3.645200533	0.003913362	0.222852238	-1.751327878	Csf2rb
1.494671743	1439079_a_at	1.494671743	4.905023496	5.395775579	0.000225505	0.054279464	0.929392712	Erbb2ip
1.504938827	1419482_at	1.504938827	3.741041921	3.357648155	0.006473746	0.281221892	-2.227285544	C3ar1
1.512136943	1433428_x_at	1.512136943	7.670311518	3.719008304	0.003443174	0.211699038	-1.630183987	Tgm2
1.525624459	1419083_at	1.525624459	3.446944018	3.201471966	0.008530947	0.313817351	-2.487625593	Tnfsf11
1.533480427	1421193_a_at	1.533480427	3.493868799	4.83469453	0.000538065	0.077052242	0.120221314	Pbx3
1.539302581	1422527_at	1.539302581	5.171383286	3.080544121	0.010572566	0.340761937	-2.689591343	H2-DMa
1.541986052	1423753_at	1.541986052	5.320878396	6.577245851	4.17E-05	0.028782666	2.462871196	Bambi
1.544533413	1416101_a_at	1.544533413	6.440412488	4.753630054	0.000612351	0.083464129	-0.000914921	Hist1h1c
1.553390137	1424302_at	1.553390137	3.439405846	3.248201256	0.007853672	0.308502068	-2.409646035	Lilrb3
1.557593435	1419208_at	1.557593435	4.353174531	4.75413519	0.000611856	0.083464129	-0.000156865	Map3k8
1.558815955	1437171_x_at	1.558815955	5.56396867	3.09723002	0.010263763	0.334247495	-2.661717414	Gsn
1.563024392	1449433_at	1.563024392	3.775568052	7.028554657	2.30E-05	0.021733841	2.989373519	P2rx5
1.56694042	1417262_at	1.56694042	4.661908578	2.091737002	0.060700287	0.639387664	-4.30124321	Ptgs2
1.56835677	1416872_at	1.56835677	3.403330297	6.014019761	9.11E-05	0.039627152	1.760484228	Tspan6
1.570098383	1437277_x_at	1.570098383	8.062219672	3.693066276	0.003601401	0.216716234	-1.672707713	Tgm2
1.573656337	1435176_a_at	1.573656337	5.542031207	4.901596329	0.000483931	0.073982595	0.219404377	Id2
1.573866666	1417533_a_at	1.573866666	3.4539872	4.937365586	0.000457377	0.0736738	0.27213748	Itgb5
1.59541866	1434736_at	1.59541866	5.644914002	2.056951569	0.06444735	0.649815393	-4.354687462	Hlf
1.616747523	1429775_a_at	1.616747523	3.639938318	5.659451108	0.000152185	0.049190449	1.291631936	NA
1.619140992	1448123_s_at	1.619140992	7.267277541	2.997275761	0.012259868	0.360249062	-2.828666165	Tgfbi
1.621279744	1455900_x_at	1.621279744	6.535897959	4.139126032	0.001680383	0.154554213	-0.95151821	Tgm2
1.621655351	1419647_a_at	1.621655351	9.067753843	6.376205022	5.49E-05	0.031435267	2.218038947	Ier3
1.627162405	1450290_at	1.627162405	3.190481057	8.738749172	2.99E-06	0.005882237	4.718367033	Pdcd1lg2
1.627203076	1448501_at	1.627203076	3.266187219	4.725397726	0.0006407	0.084745035	-0.043346938	Tspan6
1.627512482	1450678_at	1.627512482	7.072338362	8.700178645	3.12E-06	0.005882237	4.683614867	Itgb2
1.628689155	1418741_at	1.628689155	5.949591363	5.398947514	0.000224427	0.054279464	0.93381928	Itgb7
1.628871024	1416529_at	1.628871024	6.303117011	4.345255869	0.001191029	0.123615712	-0.626553821	Emp1
1.630353978	1450967_at	1.630353978	5.295309544	4.556770605	0.000841484	0.101273505	-0.299366009	Ptplad2
1.633423541	1450881_s_at	1.633423541	4.93138503	6.203988593	6.97E-05	0.034870103	2.003141358	NA
1.637325338	1456005_a_at	1.637325338	5.84287667	5.274378629	0.000271159	0.05779446	0.758719088	Bcl2l11
1.638554933	1427329_a_at	1.638554933	4.31391044	2.702519822	0.020722974	0.439600937	-3.319027307	Ighm
1.639174775	1427580_a_at	1.639174775	2.743852659	4.525447243	0.000885573	0.103283368	-0.347401742	Rian
1.63949077	1426808_at	1.63949077	9.291322751	3.207317751	0.008443069	0.313817351	-2.477867546	Lgals3
1.646687135	1449363_at	1.646687135	4.316884982	2.913454168	0.014232922	0.385208243	-2.968532479	Atf3
1.655191401	1436991_x_at	1.655191401	5.455003163	2.842539707	0.016149295	0.406897481	-3.086662256	Gsn
1.67517547	1419599_s_at	1.67517547	6.417898157	3.10825218	0.010064801	0.332787388	-2.643304995	Ms4a6d
1.676857931	1449164_at	1.676857931	6.386846664	4.304990908	0.001273316	0.129774982	-0.689572409	Cd68
1.682033872	1422477_at	1.682033872	5.116766171	6.152560748	7.49E-05	0.035291899	1.938033364	Cables1
1.684196245	1416505_at	1.684196245	4.202068892	3.007025624	0.01204902	0.359658478	-2.812386352	Nr4a1
1.692733547	1418365_at	1.692733547	5.013157471	5.064470697	0.000374817	0.066355944	0.457842738	Ctsh
1.698629138	1419610_at	1.698629138	3.615492527	5.242887945	0.00028454	0.058527233	0.71404573	Ccr1
1.734522465	1449799_s_at	1.734522465	2.888201512	6.331552214	5.84E-05	0.031435267	2.162780525	Pkp2
1.769130889	1436212_at	1.769130889	5.055902013	5.841300297	0.000116697	0.041256155	1.534701455	Tmem71
1.784714389	1440865_at	1.784714389	5.686034931	6.550773846	4.33E-05	0.028782666	2.431001063	Ifitm6
1.835752433	1420842_at	1.835752433	2.909608953	6.347415835	5.71E-05	0.031435267	2.182448782	Ptprf
1.837364825	1422631_at	1.837364825	5.126403654	4.869134929	0.000509441	0.074848104	0.171369466	Ahr
1.854805676	1417500_a_at	1.854805676	5.085792025	2.747845014	0.019116448	0.428246282	-3.243967018	Tgm2
1.866644363	1418340_at	1.866644363	6.410196403	4.857804519	0.000518676	0.075227969	0.154563398	Fcer1g
1.872946925	1416129_at	1.872946925	3.412685084	5.507188586	0.000190753	0.053402844	1.083868433	Errfi1
1.888273954	1427351_s_at	1.888273954	4.984964118	3.291325246	0.00727727	0.295081569	-2.337738968	Ighm
1.925511375	1417601_at	1.925511375	6.127561048	3.21603888	0.008313673	0.312467066	-2.463311263	Rgs1
1.953648711	1417483_at	1.953648711	6.334764041	2.824143517	0.016687303	0.414908704	-3.117265914	Nfkbiz
1.956016921	1419247_at	1.956016921	6.672624545	3.979717115	0.002200832	0.174112009	-1.206637155	Rgs2
1.957490704	1426851_a_at	1.957490704	5.31744286	2.814131376	0.016987605	0.417594617	-3.133913779	Nov
1.962648999	1427994_at	1.962648999	5.575763614	5.853818006	0.000114603	0.041256155	1.551230968	Cd300lf
2.002158057	1427742_a_at	2.002158057	3.997461218	3.997817666	0.002134102	0.173691323	-1.177511832	Klf6
2.018356676	1418809_at	2.018356676	3.968187285	4.196316746	0.001526504	0.148041269	-0.860780058	NA
2.02153858	1450905_at	2.02153858	5.27652519	5.9525709	9.94E-05	0.04017077	1.680722377	Plxnc1
2.036023361	1417025_at	2.036023361	6.160368517	2.43913095	0.033069346	0.532167152	-3.75073549	H2-Eb1
2.048164222	1448830_at	2.048164222	6.66578541	4.539803392	0.000865072	0.101980536	-0.325367611	Dusp1
2.048753163	1433678_at	2.048753163	4.524328881	6.711861338	3.48E-05	0.028159261	2.623226882	Pld4
2.140387067	1417756_a_at	2.140387067	6.909795367	6.027576069	8.93E-05	0.039627152	1.777996735	Lsp1
2.179660973	1439255_s_at	2.179660973	5.069421547	3.686172876	0.003644696	0.21767102	-1.684017644	NA
2.21322964	1419483_at	2.21322964	3.963069913	5.479428876	0.000198843	0.053402844	1.045572951	C3ar1
2.215916685	1426852_x_at	2.215916685	4.249992546	2.368221864	0.037474716	0.555637567	-3.86521006	Nov
2.256660566	1452431_s_at	2.256660566	4.96031288	3.108013921	0.01006906	0.332787388	-2.643703	H2-Aa
2.258102141	1417409_at	2.258102141	4.152823122	4.489535376	0.000939124	0.108295834	-0.402655292	Jun
2.350321227	1449835_at	2.350321227	3.076136775	7.418213575	1.40E-05	0.017649343	3.419117951	Pdcd1
2.374134903	1452519_a_at	2.374134903	6.293234288	7.027024653	2.31E-05	0.021733841	2.98764149	Zfp36
2.382213394	1435290_x_at	2.382213394	8.127317558	3.20306744	0.008506871	0.313817351	-2.484962283	H2-Aa
2.39308244	1450648_s_at	2.39308244	5.7012293	4.212121501	0.001486629	0.148041269	-0.835781001	H2-Ab1
2.39926005	1419609_at	2.39926005	5.62562586	7.420928733	1.40E-05	0.017649343	3.42203418	Ccr1
2.427639221	1451161_a_at	2.427639221	6.059775996	5.592433702	0.000168025	0.052801926	1.200662926	Emr1
2.431330265	1423100_at	2.431330265	8.180191581	3.20062367	0.008543777	0.313817351	-2.489041667	Fos
2.453384515	1451721_a_at	2.453384515	3.641293277	3.751257014	0.003256447	0.2093192	-1.577410787	H2-Ab1
2.516363892	1433508_at	2.516363892	5.250111515	4.65302156	0.000719881	0.091505712	-0.152694773	Klf6
2.517703861	1419532_at	2.517703861	4.951054861	5.784065926	0.000126805	0.043471095	1.45879242	Il1r2
2.624111269	1417065_at	2.624111269	5.020735337	3.982808341	0.002189284	0.174112009	-1.201660352	Egr1
2.715202774	1425519_a_at	2.715202774	6.755908469	3.090026842	0.010395936	0.33602634	-2.67375038	Cd74
2.771405921	1419561_at	2.771405921	5.791856353	4.014161964	0.002075655	0.1718982	-1.151246161	Ccl3
3.019461296	1449360_at	3.019461296	6.382071686	7.270524462	1.69E-05	0.019113327	3.258875693	Csf2rb2
3.409810066	1449984_at	3.409810066	4.562465405	4.008172993	0.002096875	0.1718982	-1.160866844	Cxcl2
4.170193828	1416325_at	4.170193828	4.672370588	9.925762305	8.61E-07	0.002436417	5.704253372	Crisp1
4.922275044	1452183_a_at	4.922275044	4.047516601	18.04538239	1.84E-09	2.08E-05	9.584921928	Meg3
5.450227725	1439380_x_at	5.450227725	5.408400743	15.90241818	6.95E-09	3.93E-05	8.89879864	Meg3
6.573934365	1449939_s_at	6.573934365	6.110422044	11.19532076	2.59E-07	0.000975585	6.599720546	Dlk1
