logFC	ID	logFC	AveExpr	t	P.Value	adj.P.Val	B	gene.symbols5
-3.495332523	1418188_a_at	-3.495332523	6.44251882	-4.825463485	0.000546022	0.219363666	-0.025431763	NA
-3.064770569	1418189_s_at	-3.064770569	8.64836607	-3.206898563	0.008449339	0.44661146	-2.332727482	NA
-2.747965044	1416661_at	-2.747965044	5.352418641	-4.650292864	0.00072306	0.247878211	-0.255311913	Eif3a
-2.430387387	1417831_at	-2.430387387	7.028923145	-3.315139357	0.006977647	0.416877473	-2.1682911	Smc1a
-2.392960395	1456319_at	-2.392960395	6.143482099	-4.374526452	0.00113472	0.280413893	-0.628177165	NA
-2.338591147	1424598_at	-2.338591147	6.760419033	-4.054205052	0.001939397	0.303415228	-1.077300473	Ddx6
-2.310955423	1420946_at	-2.310955423	5.694676037	-2.784308523	0.017914452	0.497686091	-2.9789647	Atrx
-2.282536884	1450743_s_at	-2.282536884	5.533989231	-4.032662233	0.002011504	0.303415228	-1.108087684	Syncrip
-2.261588808	1425923_at	-2.261588808	9.396596929	-8.949844406	2.37E-06	0.026854299	3.887547515	Mycn
-2.246220175	1422769_at	-2.246220175	6.457814069	-4.04439404	0.001971896	0.303415228	-1.091312834	Syncrip
-2.239543445	1450051_at	-2.239543445	5.225821674	-4.39960259	0.0010887	0.280413893	-0.59372965	Atrx
-2.171577565	1438069_a_at	-2.171577565	4.912471832	-3.364014435	0.006401548	0.407536563	-2.094317345	Rbm5
-2.163106919	1434279_at	-2.163106919	6.923601593	-4.450241727	0.001001634	0.276377675	-0.524492014	NA
-2.158234513	1421955_a_at	-2.158234513	8.669369589	-3.381225211	0.006210459	0.40378693	-2.068314253	Nedd4
-2.139297447	1422842_at	-2.139297447	6.584951888	-5.528486051	0.000184784	0.143862119	0.840937518	Xrn2
-1.980325387	1455905_at	-1.980325387	5.360794911	-3.79841727	0.00300204	0.351670751	-1.447216936	2610507B11Rik
-1.967553179	1436343_at	-1.967553179	6.028332176	-4.379680424	0.001125098	0.280413893	-0.621088378	Chd4
-1.954275612	1453840_at	-1.954275612	5.663871478	-2.761543702	0.018655738	0.503490708	-3.013780895	Pabpc1
-1.946729672	1416501_at	-1.946729672	6.146329408	-3.501778956	0.005025831	0.40378693	-1.886917113	Pdpk1
-1.941876165	1424142_at	-1.941876165	4.302128981	-2.865708431	0.015496328	0.492443697	-2.854368881	Ikbkap
-1.936119523	1449578_at	-1.936119523	4.618952807	-5.684105958	0.000146764	0.143862119	1.02049487	Supt16h
-1.902859135	1426541_a_at	-1.902859135	4.934949281	-3.925869191	0.002412487	0.328824913	-1.261727666	Endod1
-1.872987851	1460729_at	-1.872987851	4.917681899	-4.067949555	0.001894804	0.303415228	-1.057694855	Rock1
-1.858880488	1452030_a_at	-1.858880488	7.056291242	-3.395175953	0.006059855	0.40378693	-2.047254996	Hnrnpr
-1.853715794	1426259_at	-1.853715794	5.105031459	-3.617426726	0.004107033	0.365849321	-1.7142743	Pank3
-1.816564289	1429172_a_at	-1.816564289	6.594179179	-4.106164224	0.001776348	0.303415228	-1.00333672	Ncapg
-1.81519381	1416835_s_at	-1.81519381	7.212282925	-2.912688836	0.014252335	0.48839238	-2.782419554	Amd1
-1.809796316	1419277_at	-1.809796316	5.251037231	-3.236170942	0.008022623	0.443868406	-2.288182403	Usp48
-1.809504422	1426657_s_at	-1.809504422	8.311545164	-1.869381445	0.088668396	0.629744734	-4.32916216	NA
-1.783606376	1452115_a_at	-1.783606376	5.470491265	-4.036772626	0.001997533	0.303415228	-1.102208026	Plk4
-1.736734811	1438556_a_at	-1.736734811	5.695398724	-3.631541969	0.0040074	0.365610582	-1.693303904	Tmod3
-1.728528443	1450035_a_at	-1.728528443	5.978522213	-2.349286383	0.038744367	0.565567771	-3.638015746	Prpf40a
-1.721355039	1423143_at	-1.721355039	6.430178233	-3.728762056	0.003385557	0.351670751	-1.549512194	Gtpbp4
-1.691710755	1437859_x_at	-1.691710755	9.28942332	-1.567412009	0.14558628	0.658026347	-4.726765829	Eif5a
-1.691057312	1421005_at	-1.691057312	4.428082277	-4.174892964	0.001582347	0.303415228	-0.906147784	Cep110
-1.68821531	1423325_at	-1.68821531	3.709689443	-5.643383399	0.000155832	0.143862119	0.973933073	Pnn
-1.681223016	1448127_at	-1.681223016	7.981089362	-1.707424783	0.116045659	0.64207884	-4.547024818	Rrm1
-1.680526167	1423417_at	-1.680526167	4.617469966	-3.475379973	0.005263722	0.40378693	-1.926522229	Smarcc1
-1.674625588	1451285_at	-1.674625588	7.791450232	-1.593497607	0.139626358	0.654910011	-4.693945331	Fus
-1.651035117	1426831_at	-1.651035117	5.567915837	-3.102313715	0.010171507	0.470450161	-2.492251678	Ahcyl1
-1.646682515	1452360_a_at	-1.646682515	4.92414037	-2.737558313	0.019469833	0.508808784	-3.050444217	Kdm5a
-1.637615661	1415773_at	-1.637615661	9.0264876	-2.997910418	0.012246031	0.486890176	-2.651923469	Ncl
-1.629419884	1426653_at	-1.629419884	6.893426109	-2.153557537	0.054544075	0.58357011	-3.92647385	Mcm3
-1.61639366	1423194_at	-1.61639366	3.966746848	-4.036238828	0.001999342	0.303415228	-1.102971447	Arhgap5
-1.60687263	1424921_at	-1.60687263	4.369634908	-3.023079388	0.011709782	0.486890176	-2.613403461	Bst2
-1.606742949	1423184_at	-1.606742949	5.149901559	-3.873049658	0.002640711	0.339481396	-1.338326715	Itsn2
-1.595584342	1418129_at	-1.595584342	6.458837929	-2.152975767	0.054599144	0.58357011	-3.92731979	Dhcr24
-1.593313993	1422910_s_at	-1.593313993	7.224037057	-2.889352777	0.014857207	0.488525683	-2.818159427	Smc6
-1.576040023	1416401_at	-1.576040023	5.162064847	-3.414130877	0.005861199	0.40378693	-2.018668809	Cd82
-1.559605246	1438403_s_at	-1.559605246	5.575101951	-2.438787247	0.033089431	0.544057526	-3.503978381	Malat1
-1.557170455	1420917_at	-1.557170455	6.342876758	-1.976413808	0.073973275	0.610014051	-4.180191442	Prpf40a
-1.549077043	1448235_s_at	-1.549077043	6.582700454	-2.467645142	0.031443806	0.540415027	-3.460534614	NA
-1.540006642	1419135_at	-1.540006642	4.466669492	-2.652928962	0.022634469	0.511845036	-3.179594214	Ltb
-1.53575164	1422459_a_at	-1.53575164	7.612860106	-1.836506144	0.093695535	0.63744588	-4.374164181	Psmd13
-1.531296819	1417238_at	-1.531296819	6.191811235	-1.833871017	0.094109579	0.63744588	-4.377755025	Ewsr1
-1.52724758	1424342_at	-1.52724758	6.910072709	-4.007539435	0.002099133	0.309401757	-1.144079477	Fyttd1
-1.518191228	1452708_a_at	-1.518191228	6.089433039	-2.653295824	0.022619706	0.511845036	-3.179035216	Luc7l
-1.514199653	1450087_a_at	-1.514199653	5.355439853	-2.793508797	0.017623264	0.497686091	-2.964889471	Nolc1
-1.499544098	1460288_a_at	-1.499544098	7.933209312	-1.943717565	0.078203381	0.617588662	-4.226079535	Ppp4c
-1.49844859	1423826_at	-1.49844859	7.209154011	-2.076235442	0.062343991	0.595965668	-4.038211561	Noc4l
-1.498108925	1417832_at	-1.498108925	4.603243953	-1.920207104	0.081382717	0.619234274	-4.258873482	Smc1a
-1.488437129	1438264_a_at	-1.488437129	5.886056866	-3.002569126	0.012144938	0.486890176	-2.644792531	Tpp2
-1.482120429	1417821_at	-1.482120429	8.038913281	-1.926454438	0.080526402	0.619234274	-4.250176164	D17H6S56E-5
-1.480579828	1430980_a_at	-1.480579828	7.165839931	-1.363083178	0.200364843	0.703614876	-4.9720229	Eif4a1
-1.456207045	1424907_a_at	-1.456207045	7.038175034	-1.852717869	0.09118474	0.635286912	-4.352019134	Farsa
-1.455052024	1426114_at	-1.455052024	6.493715527	-1.724782851	0.112783543	0.641666418	-4.524155961	Hnrnpab
-1.454391247	1417069_a_at	-1.454391247	4.481264342	-3.691693559	0.00360998	0.351670751	-1.604202189	Gmfb
-1.424780337	1424207_at	-1.424780337	7.432206407	-5.875725386	0.000111034	0.143862119	1.235577961	Smarca5
-1.41662826	1428045_a_at	-1.41662826	5.465230113	-2.113949698	0.058416203	0.587088312	-3.983889481	Elf2
-1.415764747	1424675_at	-1.415764747	5.02811179	-2.291517205	0.042880196	0.571881698	-3.72388724	Slc39a6
-1.40375874	1451120_at	-1.40375874	7.286586103	-1.845130897	0.092352	0.636432786	-4.362394285	Polr1d
-1.401804915	1448132_at	-1.401804915	6.418819828	-2.081262007	0.061806454	0.595965668	-4.030991905	Slc19a1
-1.389959217	1426408_at	-1.389959217	5.615989567	-4.135882027	0.001689582	0.303415228	-0.961221676	Celf1
-1.386477618	1451456_at	-1.386477618	4.725520187	-3.903562997	0.002506262	0.335590766	-1.294028111	Hjurp
-1.385673416	1434300_at	-1.385673416	6.262568117	-6.45718686	4.91E-05	0.141585176	1.848617577	U2surp
-1.382363572	1434813_x_at	-1.382363572	7.009550161	-1.82155886	0.096066379	0.637792809	-4.394499896	Wars
-1.382361996	1437477_at	-1.382361996	5.372465287	-3.742983334	0.003303331	0.351670751	-1.528576159	Lrrfip1
-1.367175085	1426658_x_at	-1.367175085	7.912987639	-1.454783444	0.173929562	0.684167292	-4.864661569	Phgdh
-1.358219045	1422556_at	-1.358219045	4.651068758	-2.321835327	0.04065919	0.565977911	-3.678889042	Gna13
-1.356658378	1438040_a_at	-1.356658378	8.293065917	-2.489239433	0.030264957	0.540415027	-3.427961722	Hsp90b1
-1.349896218	1433598_at	-1.349896218	5.886837839	-3.686027478	0.003645615	0.351670751	-1.612576737	Arglu1
-1.345028334	1422748_at	-1.345028334	3.875076496	-1.873952587	0.087989351	0.629729093	-4.322875529	Zeb2
-1.34258211	1436746_at	-1.34258211	8.592539393	-3.697303498	0.003575053	0.351670751	-1.595914491	Wnk1
-1.342321286	1425895_a_at	-1.342321286	4.153226157	-3.832695543	0.002830109	0.348448628	-1.397110309	Id1
-1.340751514	1451242_a_at	-1.340751514	6.028113619	-1.868858816	0.088746338	0.629744734	-4.329880475	Ppp5c
-1.336145695	1419260_a_at	-1.336145695	8.906900295	-1.644855716	0.128516259	0.647963324	-4.628415793	Snrpb
-1.329581086	1426423_at	-1.329581086	6.548575791	-1.631200996	0.131391131	0.647963324	-4.645953765	Shmt2
-1.327011188	1427276_at	-1.327011188	6.43190319	-3.132903545	0.009633838	0.467224566	-2.445539281	Smc4
-1.325712111	1438824_at	-1.325712111	3.686608525	-1.823730425	0.09571857	0.63744588	-4.391550441	Slc20a1
-1.32233398	1425859_a_at	-1.32233398	6.548103654	-1.798784188	0.099784149	0.641587457	-4.425329905	Psmd4
-1.320083871	1451167_at	-1.320083871	4.881268128	-2.800826674	0.017395029	0.497686091	-2.953692428	Ccdc101
-1.316632212	1434282_at	-1.316632212	4.116005395	-4.161159695	0.001619264	0.303415228	-0.925508288	Ibtk
-1.299113603	1421596_s_at	-1.299113603	3.446064308	-1.93104151	0.079902979	0.619234274	-4.243782382	H28
-1.29538091	1421933_at	-1.29538091	4.279770927	-5.056715405	0.000379372	0.186463179	0.269541545	Cbx5
-1.292877682	1426118_a_at	-1.292877682	6.949153071	-1.387349288	0.193060893	0.701067961	-4.944064687	Tomm40
-1.291520606	1418023_at	-1.291520606	6.865065683	-3.165147219	0.009098241	0.455435413	-2.396346712	Naa15
-1.287870657	1425917_at	-1.287870657	3.168398481	-1.849858077	0.091623123	0.636432786	-4.355932235	H28
-1.268227469	1424398_at	-1.268227469	7.438781392	-3.205150173	0.008475546	0.44661146	-2.335389689	Dhx36
-1.263691258	1456262_at	-1.263691258	5.138211992	-2.698312952	0.020878717	0.508808784	-3.110381138	Rbm5
-1.262357566	1453307_a_at	-1.262357566	6.259664736	-1.692734324	0.118872278	0.642731955	-4.566282737	Anapc5
-1.26210104	1454904_at	-1.26210104	4.702898865	-1.425091055	0.182145624	0.692309515	-4.899928263	Mtm1
-1.260584309	1417736_at	-1.260584309	4.419095065	-3.141253859	0.009492136	0.467224566	-2.432794924	Smc6
-1.259491646	1427058_at	-1.259491646	8.377759404	-1.124765226	0.284860086	0.757195055	-5.22767203	Eif4a1
-1.25276998	1419256_at	-1.25276998	7.599689971	-2.140802	0.055763667	0.584967084	-3.94500385	Spnb2
-1.249906344	1433952_at	-1.249906344	6.496932983	-1.65128346	0.127182366	0.647822536	-4.620131692	Tufm
-1.248400174	1438009_at	-1.248400174	7.911173189	-2.699996425	0.020816254	0.508808784	-3.107811577	NA
-1.244362454	1429003_at	-1.244362454	5.968482114	-1.83017729	0.094692772	0.63744588	-4.382784265	Snw1
-1.236834947	1456398_at	-1.236834947	6.449562344	-1.656721846	0.1260634	0.647180182	-4.613108622	Tug1
-1.234597165	1416246_a_at	-1.234597165	10.30891819	-1.650981697	0.127244713	0.647822536	-4.620521009	Coro1a
-1.229605442	1416062_at	-1.229605442	4.065579689	-2.54311536	0.027509309	0.540415027	-3.346477767	Tbc1d15
-1.229042682	1451319_at	-1.229042682	5.373987523	-3.117787097	0.009895838	0.4693238	-2.468618051	Senp1
-1.227033217	1452173_at	-1.227033217	4.545620522	-1.722015852	0.113297964	0.641762612	-4.527809598	Hadha
-1.225103132	1426790_at	-1.225103132	8.847696696	-1.980684652	0.07343674	0.609530326	-4.174173951	Ssrp1
-1.224747303	1423430_at	-1.224747303	6.878673339	-1.616508496	0.134547893	0.650937674	-4.664731987	Mybbp1a
-1.215725495	1434393_at	-1.215725495	5.681046119	-3.444980276	0.005552036	0.40378693	-1.972213418	Usp34
-1.214525506	1438527_at	-1.214525506	6.546950972	-3.284768102	0.007362053	0.423598699	-2.214350147	NA
-1.209341314	1454791_a_at	-1.209341314	7.319743064	-1.65783749	0.125834937	0.647180182	-4.611666305	Rbbp4
-1.20359218	1419155_a_at	-1.20359218	5.781452155	-1.639953617	0.129541873	0.647963324	-4.634721463	Sox4
-1.202965953	1430289_a_at	-1.202965953	4.212883982	-2.66018615	0.022344197	0.511845036	-3.168534676	Wdr77
-1.200317615	1448777_at	-1.200317615	8.140939173	-2.16613774	0.053366116	0.58321549	-3.90816281	Mcm2
-1.199226532	1432488_a_at	-1.199226532	6.188224137	-2.397443001	0.035594212	0.555416987	-3.566035081	Sf3a3
-1.198118743	1416228_at	-1.198118743	6.350155785	-1.630017687	0.131642925	0.648357167	-4.647469706	Pin1
-1.196189028	1423827_s_at	-1.196189028	6.799119778	-2.136787832	0.0561528	0.584967084	-3.95082757	Noc4l
-1.193522883	1439463_x_at	-1.193522883	9.921114022	-2.929779203	0.013825088	0.48720203	-2.756245189	NA
-1.18862458	1454754_a_at	-1.18862458	7.239655333	-1.745750725	0.108953152	0.64165985	-4.496369881	Aamp
-1.187579611	1460495_s_at	-1.187579611	7.638892966	-1.705390382	0.116433475	0.64207884	-4.549697052	Htra2
-1.187293316	1451121_a_at	-1.187293316	7.236500114	-1.322047022	0.213239339	0.717754589	-5.018533988	Gltscr2
-1.185847359	1451569_at	-1.185847359	3.888529169	-3.567005125	0.004484276	0.384740842	-1.789367519	Nr2c2
-1.184835075	1447631_at	-1.184835075	4.205637528	-1.941823257	0.078455218	0.617588662	-4.228728205	Myst2
-1.18070944	1439040_at	-1.18070944	6.128336004	-2.928749215	0.013850468	0.48720203	-2.75782262	Cenpe
-1.178767745	1416819_at	-1.178767745	8.395317331	-1.345503575	0.205798897	0.709337296	-4.992067588	Cdc37
-1.174831351	1423703_at	-1.174831351	7.301239241	-1.738026839	0.110350291	0.64165985	-4.506625682	Ppan
-1.17423413	1426958_at	-1.17423413	5.560067797	-3.337611046	0.006706462	0.416852118	-2.134256288	Rps9
-1.171854586	1437082_at	-1.171854586	6.014910763	-2.716614495	0.020209529	0.508808784	-3.082439182	Akap9
-1.170464319	1415807_s_at	-1.170464319	5.595992536	-1.874850802	0.087856485	0.629503551	-4.321639398	Srsf2
-1.170096994	1437220_x_at	-1.170096994	6.950528299	-1.599339704	0.138321301	0.653373226	-4.686551489	Psmd13
-1.170089103	1448907_at	-1.170089103	4.931426022	-2.465460836	0.031565519	0.540415027	-3.463826446	Thop1
-1.168785314	1415980_at	-1.168785314	8.15114131	-1.650381861	0.127368723	0.647822536	-4.621294765	Atp5g2
-1.166299827	1417213_a_at	-1.166299827	4.91716907	-2.376235044	0.03694965	0.560409944	-3.597776926	Rbm6
-1.164617168	1415819_a_at	-1.164617168	7.769121171	-1.556591526	0.148123042	0.658890433	-4.740285738	Ppp2r1a
-1.163235711	1415811_at	-1.163235711	5.005674619	-2.16375404	0.053587441	0.58321549	-3.911635082	Uhrf1
-1.162542355	1449263_at	-1.162542355	5.999421667	-2.329981628	0.040081606	0.565977911	-3.666772183	Ufm1
-1.16025187	1425676_a_at	-1.16025187	7.200396599	-1.497000904	0.162793427	0.672238123	-4.813720738	Elovl1
-1.157202935	1427937_at	-1.157202935	3.701888933	-6.392763486	5.36E-05	0.141585176	1.783564292	Vma21
-1.154735602	1416696_at	-1.154735602	5.486034723	-2.267201438	0.044745508	0.572631147	-3.759861261	D17Wsu104e
-1.154663558	1416447_at	-1.154663558	6.757487635	-3.113659387	0.009968628	0.4693238	-2.474921651	Tmem30a
-1.15288753	1429369_at	-1.15288753	5.917953124	-2.412687019	0.034649912	0.551768394	-3.54318063	Tnpo3
-1.148439619	1415713_a_at	-1.148439619	6.367086166	-2.593633983	0.025150059	0.52787128	-3.269822569	Ddx24
-1.145015773	1423555_a_at	-1.145015773	4.158194308	-1.426360508	0.181787741	0.692309515	-4.898430171	Ifi44
-1.140098313	1428563_at	-1.140098313	5.838894965	-3.635893337	0.00397719	0.365610582	-1.686843915	Ddx10
-1.139406289	1418027_at	-1.139406289	4.558668109	-4.272320975	0.001344449	0.303415228	-0.769669897	Exo1
-1.138241478	1428130_at	-1.138241478	6.09402554	-1.703156061	0.116860741	0.642393372	-4.552629926	Lman1
-1.136960707	1425156_at	-1.136960707	5.711586376	-2.358642685	0.038111891	0.56336664	-3.624057649	Gbp7
-1.124603994	1424484_at	-1.124603994	5.321545637	-1.620100615	0.133769985	0.650256724	-4.660149911	Mob1a
-1.122477753	1426674_at	-1.122477753	8.396434256	-1.808116772	0.098245115	0.639385022	-4.412719281	Eif3b
-1.120010488	1416201_at	-1.120010488	6.620007835	-4.42088278	0.001051183	0.280413893	-0.56458044	Crk
-1.10963909	1420591_at	-1.10963909	5.220317045	-1.597255111	0.138785739	0.654910011	-4.689191585	Gpr84
-1.108733817	1454021_a_at	-1.108733817	5.838413796	-2.057445648	0.064392635	0.598490483	-4.065142138	Exosc10
-1.10608917	1415977_at	-1.10608917	6.576409383	-1.729858144	0.111845435	0.64165985	-4.517446378	Isyna1
-1.105804913	1460165_at	-1.105804913	9.643444944	-1.725537824	0.112643548	0.64165985	-4.523158533	Ppp1ca
-1.099648555	1448276_at	-1.099648555	8.110652676	-1.476630449	0.168087957	0.67816657	-4.838415451	Tspan4
-1.097126585	1417728_at	-1.097126585	4.921564645	-1.856232573	0.090648599	0.635286912	-4.347206035	Mbd3
-1.092786253	1450639_at	-1.092786253	4.475074622	-2.28725449	0.043201695	0.571881698	-3.730201324	NA
-1.09162583	1427439_s_at	-1.09162583	8.125074068	-1.7662985	0.105313774	0.641638796	-4.468972947	Prmt5
-1.090437235	1430127_a_at	-1.090437235	7.457328212	-2.393791663	0.035824083	0.555839651	-3.571504562	Ccnd2
-1.090431817	1454875_a_at	-1.090431817	5.315107245	-1.966249025	0.075264981	0.61391229	-4.194491695	Rbbp4
-1.08964022	1449042_at	-1.08964022	8.427738425	-2.416234685	0.034433671	0.551768394	-3.537857314	Ctcf
-1.088832989	1424348_at	-1.088832989	6.828186098	-2.369527766	0.037388656	0.561217499	-3.607802161	Mcmbp
-1.088148537	1418335_a_at	-1.088148537	6.148907313	-1.783801873	0.102300789	0.641638796	-4.445507297	NA
-1.087901189	1416525_at	-1.087901189	4.948514672	-1.908633149	0.082991449	0.619234274	-4.274953555	Spop
-1.085858892	1451026_at	-1.085858892	6.276572957	-2.052652894	0.064925241	0.598490483	-4.07199672	Ftsj3
-1.085769822	1420920_a_at	-1.085769822	8.111624652	-1.372727163	0.197434896	0.701231383	-4.960951463	Arf1
-1.085622999	1449311_at	-1.085622999	3.804378284	-2.487224742	0.030373086	0.540415027	-3.431002907	Bach1
-1.084918562	1449849_a_at	-1.084918562	4.234746112	-2.531094066	0.028102004	0.540415027	-3.364684514	Fbxl6
-1.084686174	1427108_at	-1.084686174	7.020374454	-2.046600189	0.065603783	0.598490483	-4.080644635	9530068E07Rik
-1.081940786	1452364_at	-1.081940786	6.703118216	-4.138082067	0.001683338	0.303415228	-0.958109358	Suz12
-1.080355954	1426652_at	-1.080355954	7.44951844	-2.369066191	0.037419052	0.561217499	-3.608491824	Mcm3
-1.07953735	1424115_at	-1.07953735	6.066051984	-1.517618103	0.15758158	0.667185782	-4.788512486	Ppp5c
-1.079432337	1426371_at	-1.079432337	6.464486256	-3.93510489	0.002374735	0.327626481	-1.248374737	Far1
-1.078516586	1450623_at	-1.078516586	7.132455063	-1.403452762	0.188338101	0.69698035	-4.925328768	Gnb2
-1.075547	1422967_a_at	-1.075547	3.466428441	-1.689687142	0.11946625	0.642731955	-4.570266117	Tfrc
-1.074782548	1433724_at	-1.074782548	4.835047204	-3.410615563	0.005897531	0.40378693	-2.023967908	D15Ertd621e
-1.071201423	1433804_at	-1.071201423	3.579572203	-1.844046897	0.092519887	0.636665135	-4.363875014	Jak1
-1.069803478	1426360_at	-1.069803478	5.506658507	-1.832058748	0.094395302	0.63744588	-4.380223148	Zc3h11a
-1.067132058	1426630_at	-1.067132058	6.595102805	-2.040756611	0.0662652	0.598490483	-4.088984527	Exosc2
-1.066470438	1423863_at	-1.066470438	6.071345065	-1.669620277	0.123444427	0.647180182	-4.596400649	Abcf2
-1.0648315	1450409_a_at	-1.0648315	5.539313052	-1.564340806	0.146302411	0.658413398	-4.730608887	Slc48a1
-1.062875731	1453111_a_at	-1.062875731	4.719282568	-2.278791938	0.043846842	0.572027898	-3.742726854	Slc25a39
-1.058905354	1424116_x_at	-1.058905354	6.752985428	-1.450078297	0.175210084	0.685854625	-4.870281365	Ppp5c
-1.057937985	1424184_at	-1.057937985	7.435782137	-1.541781577	0.151657506	0.660519198	-4.758699259	Acadvl
-1.056374535	1416750_at	-1.056374535	6.776987822	-1.829387452	0.094817906	0.63744588	-4.383859051	Sigmar1
-1.056309202	1429104_at	-1.056309202	6.539686028	-1.280759032	0.226873205	0.728945375	-5.064326691	Limd2
-1.055028687	1450372_a_at	-1.055028687	9.305627538	-1.546974849	0.150409841	0.660519198	-4.752254423	Rpl18
-1.053118885	1455151_at	-1.053118885	4.181240066	-4.476049694	0.000960102	0.276377675	-0.489374496	Akap9
-1.051817163	1452885_at	-1.051817163	7.173490534	-2.655372629	0.022536313	0.511845036	-3.175870571	Scaf11
-1.047385677	1450915_at	-1.047385677	6.121950434	-2.941461114	0.013540474	0.48720203	-2.738354684	Ap3b1
-1.046854478	1422953_at	-1.046854478	3.151789036	-1.793989234	0.100583386	0.641638796	-4.431796587	Fpr2
-1.046524055	1453988_a_at	-1.046524055	4.332995995	-2.330149319	0.0400698	0.565977911	-3.666522644	Ide
-1.040417997	1448672_a_at	-1.040417997	6.725924225	-1.604622107	0.137150518	0.651469421	-4.679852499	Arfgap2
-1.035822305	1454011_a_at	-1.035822305	6.681047611	-1.634648839	0.130659898	0.647963324	-4.641533174	Rpa2
-1.033992707	1422455_s_at	-1.033992707	5.542543071	-2.574938468	0.025998979	0.535493288	-3.298216095	Nsf
-1.032864438	1448161_a_at	-1.032864438	6.109483733	-2.380514126	0.036672192	0.55988193	-3.59137763	Clcn4-2
-1.03127525	1430053_a_at	-1.03127525	6.55967807	-3.430282718	0.00569719	0.40378693	-1.994335274	Ola1
-1.030648115	1451126_at	-1.030648115	6.918109659	-1.289018196	0.224090383	0.72699148	-5.055248578	Maf1
-1.030001074	1451193_x_at	-1.030001074	5.03313043	-2.542105588	0.027558619	0.540415027	-3.348007638	Ttc4
-1.027523117	1422719_s_at	-1.027523117	5.362855731	-2.823472561	0.016707261	0.494022402	-2.919033945	Nup50
-1.018621149	1424554_at	-1.018621149	7.040874972	-2.1531138	0.054586073	0.58357011	-3.927119085	Ppp1r8
-1.016994968	1452780_at	-1.016994968	5.527511049	-1.93513981	0.07934977	0.619234274	-4.238064321	Gtf3c2
-1.013310662	1433963_a_at	-1.013310662	8.385495936	-1.541891886	0.151630911	0.660519198	-4.758562502	Fermt3
-1.013020424	1422972_s_at	-1.013020424	4.924101478	-1.626032112	0.132494151	0.650001518	-4.652571048	Kat2a
-1.012303392	1451640_a_at	-1.012303392	5.746272658	-5.043650829	0.00038718	0.186463179	0.253137179	Rsrc2
-1.01129518	1416933_at	-1.01129518	5.871532644	-1.311372416	0.216698048	0.718200598	-5.030471093	Por
-1.007888838	1460221_at	-1.007888838	8.873661017	-1.76731365	0.105136856	0.641638796	-4.467615188	Ptges3
-1.004068191	1423597_at	-1.004068191	5.046913139	-2.329331783	0.040127389	0.565977911	-3.667739162	Atp8a1
-1.002662192	1423746_at	-1.002662192	5.091677915	-1.422382216	0.182911293	0.692329927	-4.903122067	Txndc5
-1.001363507	1416249_at	-1.001363507	6.456880519	-2.230385641	0.047718859	0.579782964	-3.814120869	Nadk
-1.001222801	1448404_at	-1.001222801	4.514681303	-2.014159192	0.06935553	0.60216355	-4.126827332	Scamp2
1.000788153	1450872_s_at	1.000788153	5.699662374	1.845575606	0.092283205	0.636432786	-4.3617867	Lipa
1.001192741	1418741_at	1.001192741	5.949591363	3.318857403	0.006932017	0.416877473	-2.162657222	Itgb7
1.001228645	1434735_at	1.001228645	6.019630095	1.805419166	0.098687741	0.640232621	-4.416367697	Hlf
1.003019855	1416635_at	1.003019855	5.34113656	2.434503997	0.033340737	0.545063235	-3.510417802	Smpdl3a
1.005207015	1421694_a_at	1.005207015	4.164190853	2.744479737	0.019231349	0.506555978	-3.039866602	Vcan
1.007505777	1416488_at	1.007505777	6.632181652	2.685179714	0.021372434	0.511845036	-3.130421932	Ccng2
1.008858936	1421375_a_at	1.008858936	8.072418532	2.260015933	0.045311497	0.574673722	-3.770471387	S100a6
1.009568996	1420502_at	1.009568996	7.110550638	3.419550911	0.00580563	0.40378693	-2.010500638	Sat1
1.009705855	1449368_at	1.009705855	3.758892071	2.836382286	0.016327413	0.493963585	-2.89927149	Dcn
1.017031415	1448995_at	1.017031415	9.113482477	4.813929796	0.000556139	0.219363666	-0.040398014	Pf4
1.017873909	1428942_at	1.017873909	5.343576925	2.892532836	0.014773288	0.488525683	-2.813289155	Mt2
1.024196935	1434372_at	1.024196935	3.930246516	2.238157855	0.047075786	0.579100834	-3.802687611	AW112010
1.035107466	1450678_at	1.035107466	7.072338362	5.53336455	0.000183445	0.143862119	0.846633305	Itgb2
1.035358733	1422823_at	1.035358733	3.033483841	2.904181101	0.01446994	0.48839238	-2.795449515	Eps8
1.038974895	1418318_at	1.038974895	3.478255142	2.215652334	0.048961054	0.580184801	-3.835761543	Rnf128
1.056027458	1416778_at	1.056027458	3.201557716	2.415783877	0.034461076	0.551768394	-3.538533851	Sdpr
1.060014665	1425214_at	1.060014665	3.144098718	1.96426742	0.07551923	0.614119436	-4.19727593	P2ry6
1.069875563	1456341_a_at	1.069875563	7.793172667	1.926434241	0.080529157	0.619234274	-4.250204302	Klf9
1.076839786	1448123_s_at	1.076839786	7.267277541	1.993393907	0.071861505	0.605885159	-4.156235607	Tgfbi
1.099348167	1425144_at	1.099348167	2.886978	3.02129158	0.011747079	0.486890176	-2.616139165	Klk1b11
1.100147711	1448233_at	1.100147711	7.002571199	2.361359506	0.037930119	0.563127864	-3.620002089	Prnp
1.101053493	1426642_at	1.101053493	4.738210224	3.21228852	0.008369068	0.446600335	-2.324521512	Fn1
1.101963722	1416882_at	1.101963722	5.346667614	3.303325732	0.007124676	0.418444311	-2.186198884	Rgs10
1.111530473	1424769_s_at	1.111530473	3.453481938	1.808028878	0.098259509	0.639385022	-4.412838196	Cald1
1.114049456	1450435_at	1.114049456	3.875426338	3.114690557	0.009950393	0.4693238	-2.473346842	L1cam
1.132943869	1452217_at	1.132943869	4.327275564	3.138774723	0.009533984	0.467224566	-2.436578282	Ahnak
1.140523576	1425951_a_at	1.140523576	4.117904497	1.373609068	0.197168758	0.701231383	-4.959936387	Clec4n
1.142963855	1420394_s_at	1.142963855	9.1013558	3.735943454	0.003343774	0.351670751	-1.538936803	NA
1.146557546	1426242_at	1.146557546	5.654199263	2.562729647	0.026568517	0.539901828	-3.316742174	Polr2a
1.148394185	1448303_at	1.148394185	4.160136733	2.340607287	0.03934014	0.565977911	-3.650951446	Gpnmb
1.155457077	1419247_at	1.155457077	6.672624545	2.350895973	0.038634841	0.565428149	-3.635615454	Rgs2
1.15694554	1422601_at	1.15694554	3.461322797	1.867364786	0.088969499	0.629744734	-4.331933397	Serpinb9
1.161403018	1449366_at	1.161403018	6.774786442	1.955304938	0.076679171	0.616371161	-4.209853876	Mmp8
1.16357484	1415964_at	1.16357484	3.748150345	5.036950283	0.000391249	0.186463179	0.244711602	Scd1
1.171119517	1426083_a_at	1.171119517	6.530872622	3.692166579	0.003607022	0.351670751	-1.603503236	Btg1
1.188300263	1417063_at	1.188300263	2.660805475	1.986654568	0.072692834	0.605885159	-4.165753601	C1qb
1.1904837	1419482_at	1.1904837	3.741041921	2.656071681	0.022508312	0.511845036	-3.174805292	C3ar1
1.197134178	1448694_at	1.197134178	5.270446739	5.507206717	0.000190748	0.143862119	0.816042526	Jun
1.205267323	1416101_a_at	1.205267323	6.440412488	3.709466512	0.003500519	0.351670751	-1.57795909	Hist1h1c
1.213302772	1418057_at	1.213302772	5.92373275	4.17674394	0.001577439	0.303415228	-0.903540663	Tiam1
1.214230746	1417394_at	1.214230746	3.252368362	2.475722645	0.030997685	0.540415027	-3.448356692	Klf4
1.220474734	1425784_a_at	1.220474734	3.724002546	2.413539965	0.034597802	0.551768394	-3.541900928	Olfm1
1.228330401	1419872_at	1.228330401	7.422211698	2.513156682	0.029009754	0.540415027	-3.391825046	Csf1r
1.234199047	1448061_at	1.234199047	3.913370964	3.544177089	0.004666633	0.396944521	-1.823457264	Msr1
1.234628867	1427347_s_at	1.234628867	3.883262355	2.41253198	0.034659393	0.551768394	-3.54341323	Tubb2a
1.240819229	1417409_at	1.240819229	4.152823122	2.466983988	0.031480598	0.540415027	-3.461531057	Jun
1.251047089	1449363_at	1.251047089	4.316884982	2.213455293	0.049148922	0.580184801	-3.838984899	Atf3
1.253773911	1417756_a_at	1.253773911	6.909795367	3.530771483	0.00477726	0.403321954	-1.843502077	Lsp1
1.255660303	1419598_at	1.255660303	5.643055263	2.282656772	0.043551063	0.571881698	-3.737008041	Ms4a6d
1.263050516	1417491_at	1.263050516	3.334590563	3.605657504	0.004192058	0.369805122	-1.731776767	Ctsb
1.269956084	1448883_at	1.269956084	4.938244456	2.839642436	0.016232862	0.493963585	-2.894280328	Lgmn
1.29017719	1420671_x_at	1.29017719	4.762369718	2.272270624	0.044350312	0.572249162	-3.752370401	Ms4a4c
1.292388644	1448620_at	1.292388644	5.091954371	2.903477388	0.014488088	0.48839238	-2.796527279	Fcgr3
1.307884558	1428289_at	1.307884558	6.32360613	3.452428285	0.005479933	0.40378693	-1.961010819	Klf9
1.311069036	1415973_at	1.311069036	3.181759093	4.102998486	0.001785861	0.303415228	-1.007831217	Marcks
1.324281519	1434366_x_at	1.324281519	3.887164887	2.200082496	0.050307371	0.580184801	-3.858583399	C1qb
1.330183661	1451161_a_at	1.330183661	6.059775996	3.064279022	0.010882628	0.483177746	-2.550383145	Emr1
1.340077323	1449939_s_at	1.340077323	6.110422044	2.282133444	0.043591001	0.571881698	-3.737782568	Dlk1
1.380433943	1417266_at	1.380433943	7.97781719	2.806435449	0.017222098	0.495858813	-2.945109554	Ccl6
1.382059694	1450967_at	1.382059694	5.295309544	3.862798554	0.002687542	0.341619797	-1.353238204	Ptplad2
1.391557142	1436991_x_at	1.391557142	5.455003163	2.389787928	0.036077797	0.556060105	-3.577499763	Gsn
1.424480985	1437171_x_at	1.424480985	5.56396867	2.830318265	0.01650475	0.493963585	-2.908554788	Gsn
1.426301189	1451721_a_at	1.426301189	3.641293277	2.180833174	0.052020763	0.58321549	-3.886728998	H2-Ab1
1.429722419	1439255_s_at	1.429722419	5.069421547	2.417900796	0.03433257	0.551768394	-3.535356716	NA
1.439891745	1427076_at	1.439891745	6.094225415	3.451480222	0.005489057	0.40378693	-1.962436516	Mpeg1
1.472287345	1439380_x_at	1.472287345	5.408400743	4.295770788	0.001292983	0.299040791	-0.737052527	Meg3
1.473551203	1456312_x_at	1.473551203	6.96602033	3.73590376	0.003344003	0.351670751	-1.538995238	Gsn
1.492808973	1419873_s_at	1.492808973	5.761265361	3.166566814	0.009075367	0.455435413	-2.394182069	Csf1r
1.497935178	1456700_x_at	1.497935178	3.616721295	2.448411019	0.032531506	0.542484151	-3.48950166	Marcks
1.509842458	1450291_s_at	1.509842458	5.381848627	2.141440844	0.055701974	0.584967084	-3.944076681	Ms4a4c
1.513608125	1417601_at	1.513608125	6.127561048	2.528067424	0.028253193	0.540415027	-3.369266286	Rgs1
1.514647236	1435176_a_at	1.514647236	5.542031207	4.717795846	0.000648567	0.236685228	-0.166075121	Id2
1.527385989	1448591_at	1.527385989	9.325780012	3.621711725	0.00407652	0.365849321	-1.707905838	Ctss
1.569832881	1427683_at	1.569832881	3.416872146	2.755333827	0.018863201	0.503490708	-3.023275179	Egr2
1.572857935	1452431_s_at	1.572857935	4.96031288	2.166238216	0.053356806	0.58321549	-3.908016421	H2-Aa
1.584552321	1426808_at	1.584552321	9.291322751	3.099842269	0.010216252	0.470450161	-2.496027382	Lgals3
1.603813453	1425881_at	1.603813453	2.856094056	2.96497067	0.012985425	0.486890176	-2.702353664	Psg28
1.611663275	1418480_at	1.611663275	5.53745254	2.218416404	0.048725676	0.580184801	-3.8317049	Ppbp
1.612387103	1450905_at	1.612387103	5.27652519	4.747793905	0.000618101	0.233085733	-0.126679978	Plxnc1
1.626220291	1425145_at	1.626220291	5.613491395	3.509454383	0.004958759	0.40378693	-1.875415123	Il1rl1
1.651548082	1417483_at	1.651548082	6.334764041	2.387434743	0.03622773	0.556833479	-3.581022372	Nfkbiz
1.663392642	1419060_at	1.663392642	6.336315394	3.131133379	0.009664152	0.467224566	-2.448241335	Gzmb
1.667837558	1420498_a_at	1.667837558	5.23113666	4.164739819	0.001609554	0.303415228	-0.92045831	Dab2
1.717483477	1419599_s_at	1.717483477	6.417898157	3.186753779	0.008756344	0.450587067	-2.363411624	Ms4a6d
1.719175786	1437726_x_at	1.719175786	3.371993714	2.5488658	0.02723015	0.540415027	-3.337763652	C1qb
1.765893838	1449456_a_at	1.765893838	5.013137357	2.707094078	0.020554938	0.508808784	-3.09697655	Cma1
1.775580437	1448730_at	1.775580437	7.88362683	3.961842276	0.002268864	0.316884608	-1.209787367	Cpa3
1.77644859	1419004_s_at	1.77644859	5.520076503	2.702099941	0.020738466	0.508808784	-3.104600686	NA
1.810066769	1423100_at	1.810066769	8.180191581	2.382787163	0.036525631	0.55915353	-3.587977262	Fos
1.90629378	1448786_at	1.90629378	4.692755436	3.442204652	0.005579155	0.40378693	-1.976389582	Plbd1
1.911063739	1449153_at	1.911063739	5.028385885	3.199026264	0.008567988	0.446813728	-2.344715707	Mmp12
1.932752254	1425519_a_at	1.932752254	6.755908469	2.199561815	0.050353	0.580184801	-3.859345739	Cd74
1.940532216	1420249_s_at	1.940532216	6.132214603	3.602276385	0.004216818	0.369805122	-1.736807867	Ccl6
1.957086094	1421775_at	1.957086094	5.232544106	3.093699512	0.010328331	0.473054297	-2.505412875	Fcer1a
1.966342151	1450648_s_at	1.966342151	5.7012293	3.461005736	0.005398084	0.40378693	-1.948115913	H2-Ab1
1.993952749	1418365_at	1.993952749	5.013157471	5.96568508	9.76E-05	0.143862119	1.334287635	Ctsh
2.002401673	1419627_s_at	2.002401673	7.139814095	3.668832161	0.003756001	0.354096982	-1.638015521	Clec4n
2.010459362	1452519_a_at	2.010459362	6.293234288	5.950608569	9.97E-05	0.143862119	1.317844963	Zfp36
2.01200274	1417025_at	2.01200274	6.160368517	2.410354542	0.034792804	0.551768394	-3.546679622	H2-Eb1
2.019405462	1419483_at	2.019405462	3.963069913	4.999566426	0.000414803	0.187706707	0.197552629	C3ar1
2.026176992	1419561_at	2.026176992	5.791856353	2.934756886	0.013703085	0.48720203	-2.748621921	Ccl3
2.030215615	1448830_at	2.030215615	6.66578541	4.50001989	0.000923147	0.274830454	-0.456860621	Dusp1
2.117020273	1448575_at	2.117020273	3.187029276	3.38696	0.006148091	0.40378693	-2.05965532	Il7r
2.128251724	1420699_at	2.128251724	5.787247897	4.806989722	0.000562322	0.219363666	-0.049415119	Clec7a
2.14927611	1435290_x_at	2.14927611	8.127317558	2.889865512	0.014843644	0.488525683	-2.817374173	H2-Aa
2.177685968	1449360_at	2.177685968	6.382071686	5.243623795	0.000284219	0.17789195	0.500803438	Csf2rb2
2.226246245	1423933_a_at	2.226246245	3.087781828	2.879641021	0.015116461	0.488525683	-2.833032697	1600029D21Rik
2.311458691	1419532_at	2.311458691	4.951054861	5.310247031	0.000256727	0.172556813	0.581686138	Il1r2
2.319267109	1419524_at	2.319267109	4.294057768	4.906077579	0.000480517	0.209080295	0.078501189	Tph1
2.433514654	1417065_at	2.433514654	5.020735337	3.69352572	0.003598535	0.351670751	-1.60149507	Egr1
2.48388369	1433508_at	2.48388369	5.250111515	4.592962249	0.000793401	0.263992602	-0.331736554	Klf6
2.567489223	1450430_at	2.567489223	5.32779554	4.168244454	0.001600108	0.303415228	-0.915516787	Mrc1
2.60088499	1449984_at	2.60088499	4.562465405	3.057295501	0.011018562	0.483177746	-2.561061936	Cxcl2
