ID	logFC	AveExpr	t	P.Value	adj.P.Val	B	gene.symbols4
10060	1452183_a_at	4.24519285264372	4.04751660112192	15.5631547716662	8.71434924860466e-09	9.85854330494645e-05	8.28973318510873	Meg3
8007	1439380_x_at	3.97794038015265	5.40840074267427	11.6066473960809	1.79593612444235e-07	0.00101587126879081	6.54428001779536	Meg3
509	1416325_at	4.03929807266284	4.67237058778279	9.6142084032535	1.17988510720689e-06	0.00444934673927717	5.24079455091371	Crisp1
5294	1426724_at	-1.77038589865503	4.06095506131983	-8.9752723632614	2.30937111435791e-06	0.00558864588055661	4.73901763045298	Cnn3
9037	1449939_s_at	5.23385704223343	6.11042204400427	8.91318731766232	2.47001055447565e-06	0.00558864588055661	4.68777638781524	Dlk1
8572	1448731_at	1.12253801543376	2.71325585649572	8.41509778981589	4.29415243235538e-06	0.00809662441120607	4.25977150891751	Il10ra
9146	1450290_at	1.41686155176039	3.19048105656599	7.60931894282637	1.10929421850019e-05	0.0162520317905939	3.49927328195909	Pdcd1lg2
9006	1449835_at	2.37782890764455	3.07613677532136	7.50503483584133	1.2608651967018e-05	0.0162520317905939	3.39427940908786	Pdcd1
3793	1423753_at	1.72869964070436	5.32087839623798	7.37366108042056	1.48428976162767e-05	0.0167917700732939	3.25976685943549	Bambi
1072	1417110_at	1.58392591734933	7.37264281197604	6.91818858014094	2.65516905182071e-05	0.0273072068029524	2.77346257797149	Man1a
5596	1427190_at	1.03630764907064	4.90511358762222	6.55201689937666	4.31789926802244e-05	0.0407069953492816	2.3591971746468	Appl1
8908	1449433_at	1.40491990063925	3.77556805211872	6.31759578422773	5.94883722746953e-05	0.0499767200252424	2.08266909862287	P2rx5
9001	1449799_s_at	1.72300455264406	2.88820151211632	6.28950821446322	6.18469088971444e-05	0.0499767200252424	2.04893215212864	Pkp2
2223	1419297_at	1.50260059926115	4.32570125245673	6.14375004119706	7.580283719233e-05	0.0531731825700832	1.8717573119331	H2-Oa
4487	1424778_at	1.19275536981492	4.36098915029964	6.09800855821596	8.08488913651298e-05	0.0531731825700832	1.81542697784322	Reep3
5286	1426712_at	-1.34980012043183	3.99719278201947	-6.06591207072759	8.46033135562182e-05	0.0531731825700832	1.77569115982499	Slc6a15
2661	1420842_at	1.72838650652784	2.9096089529264	5.97618049329593	9.61223424559001e-05	0.0534390791728725	1.66368380735576	Ptprf
3067	1422477_at	1.63350600446066	5.11676617107761	5.97505501694822	9.62770387608961e-05	0.0534390791728725	1.66227031865888	Cables1
1717	1418188_a_at	4.30269800872602	6.4425188202821	5.94006778756044	0.000101221022843072	0.0534390791728725	1.61822308160981	NA
8948	1449578_at	2.01705620686515	4.61895280729254	5.92172180722034	0.000103921129833218	0.0534390791728725	1.59504367965806	Supt16h
1196	1417292_at	-1.00549490266807	8.57404752597415	-5.88803182440491	0.000109081712230221	0.0536539743678475	1.55232936720677	Ifi47
7410	1436836_x_at	-1.7536025923436	6.38471227983561	-5.82375806913711	0.000119700799296001	0.0541670056974264	1.47030506326371	Cnn3
7594	1437434_a_at	1.07518548827637	6.26423367309209	5.63577681399983	0.000157590813221094	0.0685701873065475	1.22637247168548	Wls
8890	1449368_at	-1.98834941754803	3.75889207079789	-5.58550694362392	0.000169759807740447	0.0711293594432475	1.16011745756949	Dcn
3439	1423194_at	2.22448469213449	3.96674684774297	5.55468120519965	0.000177713483083259	0.0716383925881411	1.11927568674486	Arhgap5
1992	1418773_at	1.84294168242891	4.10366432009369	5.50993549933718	0.000189971871090271	0.0716383925881411	1.05970158112832	Fads3
10756	1455570_x_at	-1.43511959607462	6.14686447159578	-5.43460441231924	0.000212685352631138	0.0776164320747116	0.958631893884667	Cnn3
5975	1428306_at	1.50012616823467	5.16730716044447	5.34513004696762	0.000243471872842128	0.0786055601013278	0.837324381948653	Ddit4
9035	1449934_at	1.34160602545819	6.55161589690904	5.34284930504942	0.000244315953571671	0.0786055601013278	0.834214297462795	Pura
691	1416554_at	-1.00155456385137	6.8022596811286	-5.33671259845387	0.00024660255318078	0.0786055601013278	0.825841693848213	Pdlim1
235	1415964_at	-1.22422998092689	3.74815034460519	-5.29951777587459	0.000260956866820821	0.0797893252525392	0.774957270929382	Scd1
4965	1426235_a_at	1.22897216498549	5.44090481874962	5.20629418422939	0.000300973619965659	0.0846479729759098	0.646384945515741	Glul
2532	1420444_at	-1.9840097887395	4.96760467204169	-5.19387584678158	0.000306776884293495	0.0846479729759098	0.629146015622561	Slc22a3
10677	1455151_at	1.2027560683015	4.18124006599807	5.11204956006754	0.00034810686723529	0.0935815549455588	0.514900939041994	Akap9
7968	1439079_a_at	1.41222580173067	4.90502349571628	5.09814514717654	0.000355697592385665	0.0935815549455588	0.495374869625145	Erbb2ip
9291	1450780_s_at	-1.39751204917171	6.27928216793003	-5.01136481790746	0.000407211619975742	0.0980167033358632	0.372770726152561	Hmga2
2060	1418944_at	1.16064195946664	3.27335999804752	4.9692201894319	0.000435024871591564	0.102529924423237	0.312771195488418	Cysltr1
5236	1426642_at	-1.69156835551167	4.73821022424225	-4.93509683475513	0.000459014903691922	0.10597623684626	0.26397328970114	Fn1
2861	1421579_at	1.05890418924364	3.93526808437897	4.90249656266867	0.000483243139120498	0.109338592657404	0.217171976378539	Hoxa9
6626	1433678_at	1.48922432031625	4.52432888105662	4.87880498321007	0.000501696314758848	0.109850537002776	0.183049175577922	Pld4
9891	1451895_a_at	-1.01627371602587	4.88064154732069	-4.86697267810478	0.000511189728208373	0.109850537002776	0.165972333793598	Dhcr24
8929	1449499_at	1.70149872478516	4.32943793457579	4.8627345137638	0.000514636123145685	0.109850537002776	0.159850010427418	Hoxa7
4124	1424207_at	1.1678397437425	7.43220640745294	4.81611477417382	0.000554207315209636	0.113995406490302	0.0923087268169178	Smarca5
2795	1421193_a_at	1.49770992340116	3.49386879862973	4.72191874613624	0.000644287824878557	0.130157645765199	-0.0452479260510401	Pbx3
5732	1427703_at	1.24338622129656	3.70518305067231	4.67174836553969	0.000698451582510414	0.138624258823514	-0.119101394631062	Pafah1b1
2340	1419609_at	1.48941767462533	5.62562586049468	4.60677966854845	0.00077581412279859	0.143881724118368	-0.215339231634448	Ccr1
5077	1426408_at	1.54272070685022	5.61598956690541	4.59043025670289	0.000796669260627228	0.145366441056062	-0.239663357891387	Celf1
4379	1424598_at	2.64140397814592	6.76041903310665	4.57916441065351	0.000811382502834711	0.145509419748763	-0.25644892267697	Ddx6
1304	1417460_at	1.09184564048549	9.49553039211633	4.57028741613537	0.000823177129313256	0.145509419748763	-0.269689317659992	Ifitm2
570	1416401_at	2.10246258815326	5.16206484719316	4.55450517606555	0.000844593998158646	0.146998336941058	-0.293259778737982	Cd82
364	1416129_at	1.53661080339864	3.41268508389964	4.51823026237392	0.000896071188065502	0.151302288814702	-0.347583492565751	Errfi1
2354	1419647_a_at	1.13563420955768	9.06775384257838	4.46521299836955	0.000977316806861287	0.15624413693372	-0.427347337728623	Ier3
6823	1434333_a_at	1.23167112095749	5.15171279313913	4.41511480051322	0.00106121572249868	0.15624413693372	-0.503115716558794	Prkd2
10950	1456319_at	2.40552767634765	6.14348209869637	4.397500466566	0.00109248185141416	0.15624413693372	-0.529846048351758	NA
2612	1420664_s_at	1.17704064205044	5.2660212595637	4.39147121807207	0.00110340471571174	0.15624413693372	-0.539006365174216	Procr
3910	1423909_at	1.27606609265178	7.2777449553832	4.38226483034706	0.00112030490495852	0.156469251725873	-0.553004277673897	Tmem176a
7849	1438556_a_at	2.08856455701994	5.69539872368701	4.36722393984328	0.00114850189227991	0.158451242772715	-0.57590058072723	Tmod3
3256	1422842_at	1.68232655347241	6.5849518882109	4.34755760475161	0.0011864968864553	0.161720955138178	-0.605888884762638	Xrn2
5718	1427580_a_at	1.56927567541883	2.74385265914174	4.33246923154428	0.00121653918320282	0.161914209171454	-0.62893529626059	Rian
1654	1418058_at	1.02689490416929	8.1143032579985	4.29765353331219	0.00128894135203146	0.169555738552697	-0.682241444908564	Eltd1
1345	1417533_a_at	1.35717810704758	3.45398720023732	4.25759349678738	0.00137786476500488	0.176997222962727	-0.743795222899868	Itgb5
2870	1421654_a_at	1.1122470807047	4.30294500786812	4.19975282354156	0.00151774057727524	0.186632599464291	-0.833074412763843	Lmna
7377	1436746_at	1.51483709256674	8.59253939341242	4.17167221262312	0.00159092533372379	0.192275561764618	-0.876587402796836	Wnk1
5046	1426371_at	1.14119756528878	6.46448625637748	4.16027199372903	0.00162168055556673	0.192370540670704	-0.894284074565468	Far1
10774	1455694_at	1.12745194652471	3.58777978145248	4.15634410490962	0.00163242039285668	0.192370540670704	-0.900385519521974	Nbeal2
7606	1437477_at	1.52849774025807	5.37246528748774	4.13867104475113	0.0016816697558864	0.196131236580854	-0.927864378071195	Lrrfip1
9728	1451456_at	1.4549566793267	4.72552018701402	4.09636259619932	0.00180597471705055	0.199408618206298	-0.993819473999634	Hjurp
2636	1420796_at	1.09371782688466	3.874473075725	4.09323715471224	0.00181552971583565	0.199408618206298	-0.998701285689227	Ahrr
10963	1456380_x_at	-1.12233452279889	5.94448508830486	-4.08614164649597	0.00183741808599743	0.199872219297009	-1.00978900170038	Cnn3
6590	1433598_at	1.48953087508181	5.88683783891322	4.06731396243129	0.00189684204642273	0.202443151614909	-1.03924216130348	Arglu1
418	1416201_at	1.01325627403043	6.62000783507195	3.99950470369302	0.00212799049413501	0.217201823189394	-1.14570193132792	Crk
7309	1436343_at	1.7858576380974	6.02833217649652	3.97523473288219	0.00221769043456493	0.22400653469851	-1.18394778964304	Chd4
9946	1452035_at	-1.76599788468567	4.7665115770933	-3.94412539930333	0.00233845383674318	0.23206077416733	-1.2330784057198	Col4a1
1188	1417277_at	1.0934892068391	4.70180859790807	3.92986500221762	0.00239607758651894	0.235711528141641	-1.25563924268222	Cyp4f16
2172	1419208_at	1.28398099484762	4.35317453100611	3.91900677886299	0.00244094213547247	0.238054986022415	-1.27283409179471	Map3k8
762	1416661_at	2.31282220861695	5.35241864132704	3.91391463840124	0.00246228186322139	0.238083715543792	-1.28090276414485	Eif3a
6325	1430820_a_at	1.26858689333313	6.05792428299099	3.88438228166624	0.00258992343985808	0.244001380523841	-1.32775842705017	Bbx
3518	1423325_at	1.1597336221137	3.7096894425427	3.87676941074327	0.00262392776537264	0.244001380523841	-1.3398535039035	Pnn
2380	1419714_at	1.23401979453876	4.60051801752138	3.87577023613043	0.00262842504476198	0.244001380523841	-1.34144145947322	Cd274
4856	1425803_a_at	1.26490947357709	4.75594089689008	3.87054966796045	0.00265205322751722	0.244001380523841	-1.34974021828655	Mbd2
6261	1429775_a_at	1.10430659281648	3.63993831822912	3.86564326287477	0.00267446046008629	0.244001380523841	-1.35754244393752	NA
7819	1438403_s_at	2.45960408640807	5.57510195059674	3.84613420272217	0.00276551844828282	0.250290481643389	-1.38859328310763	Malat1
2551	1420498_a_at	-1.52053022925894	5.23113666025869	-3.79690022155935	0.00300989453124534	0.255756770736566	-1.46714472200364	Dab2
6501	1433428_x_at	1.53980963037359	7.67031151787861	3.7870675865231	0.00306132301591008	0.255756770736566	-1.48286431430722	Tgm2
2740	1421005_at	1.53244188427348	4.4280822770727	3.7833021948461	0.00308125769309513	0.255756770736566	-1.48888686700082	Cep110
4736	1425458_a_at	-1.50803538802334	4.78367731070465	-3.77731315333467	0.00311324214406447	0.255756770736566	-1.49846916518126	Grb10
1718	1418189_s_at	3.59922116219118	8.64836606970352	3.7661341728453	0.00317386629965959	0.258316183079489	-1.51636543780041	NA
9277	1450743_s_at	2.12215896921925	5.53398923148918	3.74931524034263	0.00326738777897881	0.260890627508358	-1.54331543249339	Syncrip
5635	1427276_at	1.58755942569141	6.43190318971307	3.74802458226582	0.00327468126104365	0.260890627508358	-1.54538475163478	Smc4
647	1416501_at	2.04888011666128	6.14632940827037	3.68552725973706	0.00364877872195976	0.27890968703737	-1.64578947427116	Pdpk1
1802	1418346_at	1.01607079442385	3.28422111155003	3.66804862434133	0.00376111225016596	0.285566865007567	-1.67393863311221	Insl6
8119	1448061_at	-1.27344581447243	3.91337096395047	-3.65687973327909	0.00383475788995261	0.286048773145242	-1.69194126575809	Msr1
3786	1423745_at	1.09092420472182	6.20720986561316	3.65179792441396	0.00386875751142424	0.286048773145242	-1.70013628878615	Snap47
10835	1455900_x_at	1.42747680754055	6.53589795922321	3.64434727300217	0.00391916908313555	0.286048773145242	-1.71215570280861	Tgm2
1525	1417831_at	2.65619000798966	7.02892314535311	3.6231425826486	0.00406638302168831	0.288596868775413	-1.74639108833007	Smc1a
5136	1426485_at	1.13157984760562	8.06492222011296	3.61741149026885	0.00410714186094241	0.288596868775413	-1.75565103733194	Ubxn4
7282	1436212_at	1.09133566713512	5.05590201276371	3.60336219073825	0.00420885005490028	0.29113900571524	-1.77836339528495	Tmem71
8187	1448183_a_at	1.14631131698963	3.77174388852503	3.60177195257526	0.00422052478894186	0.29113900571524	-1.78093529919888	Hif1a
1042	1417069_a_at	1.41671060113538	4.48126434203156	3.59604845776687	0.00426282072310122	0.291421226604974	-1.79019377547367	Gmfb
6805	1434279_at	1.74704352917631	6.9236015925099	3.59425876949566	0.00427613573909889	0.291421226604974	-1.79308940651358	NA
8414	1448501_at	1.22397298407778	3.26618721912061	3.55441754050573	0.0045839037420658	0.305045311964649	-1.85762107928445	Tspan6
3224	1422769_at	1.96593366652612	6.45781406867441	3.53972887105793	0.004703046010632	0.305221555351845	-1.88144571256488	Syncrip
9081	1450051_at	1.79551772297208	5.22582167385444	3.52731019509242	0.00480625912602933	0.305883917350854	-1.90160190895641	Atrx
2403	1419810_x_at	1.21640870499171	5.70014204821346	3.49558299496947	0.00508065489290351	0.315810158260535	-1.95315101678807	Arhgap9
240	1415973_at	-1.11079219605498	3.18175909289444	-3.47623090228096	0.00525587633143645	0.322215693351136	-1.98463034544389	Marcks
9744	1451485_at	1.00177522773321	7.3487049865261	3.46088961710085	0.00539918362150205	0.324898746330067	-2.00960446953711	Luc7l3
2937	1421891_at	1.11689752090283	4.7000906863507	3.44549081382338	0.00554706287646429	0.328554567127961	-2.0346886067443	St3gal2
2341	1419610_at	1.10620469615118	3.61549252659001	3.41434580117324	0.00585898524418792	0.337703038322272	-2.08547085917091	Ccr1
10004	1452115_a_at	1.50766688942294	5.47049126527547	3.41224863787435	0.00588062393259857	0.337703038322272	-2.08889253587949	Plk4
668	1416529_at	1.27527657290714	6.30311701123726	3.40199004746681	0.00598765847895856	0.339867876802492	-2.10563410721363	Emp1
2749	1421028_a_at	1.15602503984628	4.94000015748677	3.39718370551587	0.00603849051863352	0.339867876802492	-2.11348005857029	Mef2c
793	1416708_a_at	1.67714558133261	5.94600313891687	3.3334359781195	0.00675601948032449	0.365522668053129	-2.21766780734149	Gramd1a
8784	1449109_at	1.44648273117656	8.04787724628084	3.32267764454048	0.00688544948157812	0.367429669741006	-2.23527226739496	Socs2
3432	1423184_at	1.37129927200407	5.14990155872834	3.30551329411165	0.00709721363973924	0.370003584821981	-2.26337084454058	Itsn2
4562	1424923_at	1.08042793728418	10.3864373180363	3.30248675143606	0.00713523737945398	0.370279543457628	-2.26832681754741	Serpina3g
5831	1427994_at	1.10473619008572	5.57576361407552	3.29499803796655	0.0072302173704271	0.373495201423022	-2.28059139113072	Cd300lf
6863	1434465_x_at	-1.78886994613259	6.63410510504167	-3.27915139586846	0.00743547703289791	0.380622405760969	-2.30655219255256	Vldlr
6181	1429172_a_at	1.43970841730383	6.59417917933537	3.25431873321598	0.0077691542369293	0.393382093145301	-2.34725517362642	Ncapg
9282	1450753_at	-1.89004739802282	6.17159444873633	-3.25396629561142	0.00777399821698237	0.393382093145301	-2.34783302351009	Nkg7
8463	1448575_at	-2.03308842234566	3.18702927554667	-3.25267984098739	0.00779170565880746	0.393382093145301	-2.34994230911927	Il7r
2058	1418939_at	1.16060565644456	3.12971438789299	3.24274021764158	0.00792991223033804	0.393382093145301	-2.3662414811941	Hlx
10224	1452521_a_at	1.03850416450269	4.85734225571922	3.21621100314703	0.00831113998156798	0.398406468692706	-2.40976132135588	Plaur
2451	1420011_s_at	1.4741497443599	7.05132277367814	3.17070005929255	0.00900910051019899	0.416889302228062	-2.48446873711414	Xbp1
2873	1421679_a_at	1.21228640601729	6.74533719309365	3.16263184904295	0.00913891513767871	0.416889302228062	-2.49771835398885	Cdkn1a
4982	1426259_at	1.61764161508447	5.10503145936388	3.15674065626523	0.00923490041270393	0.419576017545861	-2.50739375899016	Pank3
4479	1424769_s_at	-1.93390339796727	3.4534819376657	-3.14571060063269	0.00941737312963536	0.42615496886226	-2.52551084899303	Cald1
9007	1449838_at	1.14515981217436	2.82444838105342	3.13199678672341	0.0096493540023151	0.433187070746789	-2.54803914423863	Crisp3
5216	1426603_at	1.34500904708525	4.87943183935656	3.11638227036911	0.00992055084378679	0.438403092561562	-2.5736933849866	Rnasel
1798	1418340_at	1.19435624095085	6.41019640312862	3.10822417925794	0.0100653014726199	0.441387149344823	-2.58709819988842	Fcer1g
838	1416778_at	-1.3586986968714	3.20155771575254	-3.10817903400303	0.0100661084178347	0.441387149344823	-2.58717238164357	Sdpr
2966	1421955_a_at	1.97433718009624	8.66936958914722	3.09312014480922	0.0103389662497138	0.444246539592687	-2.61191800398058	Nedd4
2116	1419083_at	1.47225186826963	3.44694401828106	3.08947136722075	0.0104061993275048	0.444246539592687	-2.61791419095021	Tnfsf11
4874	1425881_at	-1.6562090619154	2.85609405563978	-3.06183445640907	0.0109300177080832	0.452935129419581	-2.66333366689988	Psg28
9783	1451569_at	1.01529048059094	3.88852916885405	3.05397344684133	0.0110838261922485	0.455136552071332	-2.67625320597771	Nr2c2
5741	1427742_a_at	1.52449302328207	3.9974612180709	3.04403796641807	0.011281357006994	0.455136552071332	-2.69258216498127	Klf6
1172	1417256_at	1.26142720650079	3.1159374109911	3.0428609682587	0.0113049917026469	0.455136552071332	-2.69451655532327	Mmp13
11307	1460729_at	1.39770454321243	4.91768189872804	3.03567990030294	0.0114502782359263	0.455878609546698	-2.70631853941993	Rock1
7549	1437277_x_at	1.28708930329415	8.06221967152847	3.02739379324628	0.0116202662332956	0.455878609546698	-2.71993643108511	Tgm2
2306	1419524_at	-1.42786665531754	4.2940577678536	-3.02044751856789	0.0117647290547592	0.45736900273708	-2.73135210737724	Tph1
5478	1426971_at	1.08770759944284	4.91231914336608	3.0128356833347	0.0119251154833684	0.459349717421675	-2.74386122934001	Uba7
8227	1448237_x_at	-1.21286390515068	4.17897715116025	-3.00761405316603	0.012036412363925	0.459349717421675	-2.7524420818409	Ldhb
8000	1439283_at	1.21206378613942	3.49420103678629	3.00654626773266	0.0120593004573709	0.459349717421675	-2.75419677460533	Osbpl9
11069	1459994_x_at	-1.23235597928843	6.57103165534154	-2.99885638365268	0.0122254350855983	0.464115258803266	-2.76683324198346	Tfr2
4817	1425617_at	1.35590273336745	4.95307936012334	2.98087960218027	0.0126228670012128	0.473210375626725	-2.79637107259003	Dhx9
2213	1419277_at	1.65124035980288	5.25103723120704	2.95265054037453	0.0132733819507353	0.483595453470717	-2.84274448041079	Usp48
7961	1439040_at	1.19004027122098	6.12833600431777	2.95189433784352	0.013291264402878	0.483595453470717	-2.84398652929813	Cenpe
1049	1417081_a_at	1.00110923913882	8.72203975967825	2.94933160353486	0.0133520475718154	0.483595453470717	-2.84819568404873	Syngr2
10163	1452360_a_at	1.76901525332506	4.92414037032796	2.94093267492081	0.0135532201648241	0.486492827397334	-2.86198946703847	Kdm5a
6382	1431359_a_at	1.07165501972326	4.19572114743543	2.93646406092023	0.0136614921821545	0.486492827397334	-2.86932772648307	1110007C09Rik
8618	1448804_at	1.41001030890867	4.4027184933979	2.93591108174278	0.0136749508629322	0.486492827397334	-2.87023578327293	Cyp11a1
9361	1450915_at	1.04170950635671	6.1219504335676	2.92552024748212	0.0139303400048539	0.487906924070936	-2.88729732004545	Ap3b1
10690	1455204_at	-1.07433298395088	6.16330597446309	-2.91516149839022	0.0141897095043067	0.490157058625671	-2.90430329198469	Pitpnc1
7737	1438069_a_at	1.87499783029258	4.9124718316751	2.90457954101913	0.0144596749494333	0.492717779225721	-2.92167247347425	Rbm5
5477	1426970_a_at	1.07155366974762	5.78014166940756	2.89115177517653	0.0148096742176437	0.498636441738699	-2.94370763118814	Uba7
8864	1449311_at	1.24687014016704	3.80437828406554	2.85665121872747	0.0157483818542678	0.513274463767961	-3.00029355047378	Bach1
2077	1418981_at	-1.20420628105603	3.55793103408148	-2.85348635335846	0.0158374214600858	0.513274463767961	-3.00548198962128	Casp12
2888	1421775_at	-1.80418156356915	5.23254410631614	-2.8519928893939	0.0158796130397584	0.513274463767961	-3.00793020428136	Fcer1a
9942	1452030_a_at	1.56019424644023	7.05629124204272	2.84963666050368	0.0159464072713314	0.513964972822142	-3.01179253838123	Hnrnpr
4628	1425075_at	-1.05379360242201	2.87384267009513	-2.83921326901714	0.0162452772955468	0.517488444560052	-3.02887557887022	Gatad2b
7730	1438009_at	1.31177646413131	7.9111731891109	2.83706445740876	0.0163075833207129	0.517488444560052	-3.03239667156525	NA
4561	1424922_a_at	1.19511348910735	6.2526033222637	2.83471683698394	0.0163759270885264	0.517488444560052	-3.03624328673223	Brd4
140	1415824_at	1.29829493687398	3.91147886431487	2.827308107162	0.0165934929365435	0.522903023930687	-3.04838086548812	Scd2
953	1416935_at	1.12815863634415	5.72905462518213	2.82546776019353	0.0166479833236399	0.523162875945385	-3.05139545061997	Trpv2
2138	1419136_at	-1.47752451911176	4.26950608910608	-2.81303591383654	0.0170207874163346	0.525028865100763	-3.0717549378162	Akr1c18
2858	1421551_s_at	-1.29825881897509	3.81333093377653	-2.80750295729817	0.0171893790526961	0.526801132728844	-3.08081357643269	Ifi202b
8329	1448377_at	1.08446393871157	6.90674914212829	2.79775836862908	0.0174903644758865	0.526801132728844	-3.09676347048162	Slpi
650	1416505_at	1.55948940189446	4.2020688920432	2.78436946202598	0.0179125079052501	0.526801132728844	-3.11866948691135	Nr4a1
3063	1422473_at	1.40665398885379	4.50693636025358	2.77259768195391	0.0182920487607357	0.526801132728844	-3.13792074956811	Pde4b
1329	1417500_a_at	1.8701782448044	5.08579202531247	2.77061906396217	0.0183566247256568	0.526801132728844	-3.14115567941677	Tgm2
6824	1434334_at	1.35475909857962	5.62846507535993	2.7615545153163	0.0186553791063386	0.526801132728844	-3.15597248414113	Prkd2
4970	1426242_at	-1.2248236986151	5.65419926338776	-2.7376663424332	0.0194660886477013	0.531932031090446	-3.1949932711547	Polr2a
10838	1455905_at	1.42268501781785	5.36079491124366	2.72881990882332	0.01977512785688	0.534423922021161	-3.20943343529137	2610507B11Rik
5745	1427760_s_at	-2.08452820136462	5.81551016187457	-2.72123097511446	0.0200441207992642	0.534423922021161	-3.22181631603437	NA
2714	1420946_at	2.2547826158358	5.69467603735905	2.71662983680196	0.0202089771160546	0.535091055576729	-3.22932186239628	Atrx
8570	1448728_a_at	1.17543356617709	2.88299418898745	2.71512021077165	0.0202633590966501	0.535091055576729	-3.23178406219694	Nfkbiz
1561	1417900_a_at	-1.45783416272844	3.52917352321785	-2.69816537218824	0.0208842016928145	0.535904210929088	-3.25942493900279	Vldlr
3263	1422851_at	-1.03266880704564	5.86178588250929	-2.69767898598893	0.0209022877213055	0.535904210929088	-3.2602175324795	Hmga2
6122	1428850_x_at	1.13815381541179	5.22395938139532	2.6915840864386	0.0211302451187078	0.535904210929088	-3.27014783904759	Cd99
2711	1420935_a_at	1.02147657342104	6.22075745832505	2.67894676244992	0.0216107824722849	0.539630749369419	-3.29072752048145	Srrm1
4218	1424342_at	1.01159232174542	6.91007270929667	2.6544459287127	0.0225734867267243	0.541425778432865	-3.33058622865123	Fyttd1
7658	1437687_x_at	-1.30746942140872	6.262431315015	-2.63106768505159	0.02353160266356	0.541425778432865	-3.36856573280938	NA
9860	1451767_at	1.04708328353161	4.93980310673905	2.61100751065332	0.0243856894331364	0.552161494798053	-3.40111084575875	Ncf1
2518	1420380_at	-1.0096552071937	5.16741550866567	-2.60841081500392	0.0244984603830689	0.552161494798053	-3.40532056200442	Ccl2
8464	1448577_x_at	1.12909773209002	8.23772164484583	2.60340537707015	0.0247172934341111	0.552161494798053	-3.41343323522698	Syngr2
10458	1453840_at	1.84090287983459	5.66387147798647	2.60133919829378	0.0248081860284762	0.552161494798053	-3.41678124482273	Pabpc1
2137	1419135_at	1.50959933449869	4.46666949240884	2.60054709301667	0.0248431186115274	0.552161494798053	-3.41806463802597	Ltb
1468	1417736_at	1.04214749018207	4.41909506453543	2.59693048869327	0.0250032315343183	0.55343210441106	-3.42392349255578	Smc6
8679	1448907_at	1.21603649665107	4.93142602152547	2.56227525830934	0.0265899491260377	0.557312668104978	-3.47998896267664	Thop1
3928	1423933_a_at	-1.97466358976355	3.08778182774217	-2.55421981715966	0.0269727385379604	0.557312668104978	-3.49300072855342	1600029D21Rik
10644	1455021_at	1.235817104724	5.28098312119338	2.55413944083853	0.0269765851403409	0.557312668104978	-3.49313051843175	Gabbr1
7382	1436759_x_at	-1.06140916267512	5.93236292842686	-2.55206617120471	0.0270759930190024	0.557312668104978	-3.49647811150628	Cnn3
5659	1427329_a_at	1.54302938245041	4.31391044027277	2.54496654741335	0.0274191364719494	0.557312668104978	-3.50793742092625	Ighm
10352	1452885_at	1.00431244954438	7.1734905336994	2.53544426093777	0.0278860892082992	0.557312668104978	-3.5232970742156	Scaf11
604	1416442_at	1.2500833206296	7.1666950649434	2.53112714674887	0.0281003555149182	0.557312668104978	-3.53025683128851	Ier2
9524	1451161_a_at	1.09745555954518	6.05977599622506	2.52815468007733	0.0282488230141542	0.557312668104978	-3.53504742796849	Emr1
10258	1452629_at	1.20688201278079	5.83051128446726	2.52164935711875	0.0285764388387185	0.557388366521417	-3.54552771821684	Safb2
3269	1422864_at	1.22219933449414	5.93629728892576	2.48370505632958	0.0305628971404872	0.563093371882551	-3.60654213551342	Runx1
227	1415949_at	-1.2505890874845	4.04442879796701	-2.46576875225681	0.0315483333818491	0.567374880257642	-3.63531208212143	Cpe
270	1416013_at	1.04094860367169	5.17315451953445	2.46558184055403	0.0315587642119314	0.567374880257642	-3.63561163775025	Pld3
8169	1448161_a_at	1.06945408235938	6.10948373271767	2.4648448099852	0.0315999279250685	0.567374880257642	-3.63679279473304	Clcn4-2
3662	1423590_at	1.5868676080074	7.92994056710131	2.46012298692532	0.0318648923041485	0.567374880257642	-3.64435798553016	Napsa
2197	1419256_at	1.43727426870123	7.59968997098671	2.45609304157552	0.0320927470723788	0.567374880257642	-3.65081198035106	Spnb2
3410	1423143_at	1.1272402180141	6.43017823271055	2.44180338027558	0.032913578254932	0.569624503175513	-3.67367674737348	Gtpbp4
3292	1422910_s_at	1.33525795575517	7.22403705687941	2.4213879366826	0.0341219017143793	0.570535363027009	-3.70628703298802	Smc6
2619	1420699_at	-1.0695428338824	5.78724789698791	-2.41572994028058	0.0344643563410684	0.570535363027009	-3.71531270254086	Clec7a
1015	1417034_at	1.00173715861571	4.75181056346729	2.41558683229559	0.0344730612954293	0.570535363027009	-3.71554092030977	Trappc6a
3906	1423904_a_at	1.08721279086807	3.33971801780582	2.40405230549052	0.0351817612776113	0.573503264169477	-3.73392399679253	Pvr
7353	1436589_x_at	1.05182098459385	5.13808076216865	2.38573305734478	0.0363365301042029	0.578010179937935	-3.76307334752813	Prkd2
2983	1422024_at	1.05503484196895	4.76618877561026	2.37717034223755	0.0368888314253681	0.578010179937935	-3.77667803124553	Fli1
9182	1450430_at	-1.45896057690235	5.32779553988007	-2.36858027652553	0.037451077285584	0.581983567763478	-3.79031295126572	Mrc1
5699	1427476_a_at	-1.00762979675496	3.58147200868403	-2.36053559033986	0.0379851549181245	0.583361650239377	-3.80307000172372	Trim32
3668	1423597_at	1.01412320893618	5.04691313931063	2.35265835821438	0.0385152624648285	0.583361650239377	-3.81554990631036	Atp8a1
6285	1430172_a_at	1.52843368459246	4.6248805995058	2.33450869302057	0.0397640670211968	0.583361650239377	-3.84425982778278	NA
8845	1449263_at	1.16207188784536	5.9994216671535	2.32903871236071	0.0401480524184961	0.583361650239377	-3.85290004690936	Ufm1
2086	1419004_s_at	-1.52956912988963	5.52007650346772	-2.32657937762007	0.0403218599742422	0.583361650239377	-3.85678283360141	NA
6875	1434499_a_at	-1.2192110037009	4.11940123695228	-2.32560435075401	0.040390968709414	0.583361650239377	-3.85832187274469	Ldhb
3569	1423417_at	1.12244795029521	4.61746996603445	2.32125699884354	0.0407004987069404	0.583361650239377	-3.86518170287795	Smarcc1
2216	1419280_at	1.10387505688722	4.28093362275304	2.30271253324852	0.0420467687669982	0.58491403688659	-3.89440115417762	Pip4k2a
103	1415773_at	1.25608361861731	9.02648759966072	2.29945661570921	0.042287529196186	0.58491403688659	-3.89952410746681	Ncl
9529	1451167_at	1.08374425434351	4.88126812822892	2.29938406320242	0.0422929092347946	0.58491403688659	-3.89963823881	Ccdc101
6837	1434372_at	-1.04739915104157	3.93024651621971	-2.28886121020968	0.0430802428777265	0.589300046731288	-3.91618003643839	AW112010
8583	1448752_at	1.10612394531477	9.0364464992981	2.26596718407288	0.0448422422831569	0.593893221689753	-3.95208836207711	Car2
4075	1424142_at	1.52940697255567	4.30212898105063	2.25701027369354	0.0455502810013147	0.593893221689753	-3.96610605413177	Ikbkap
8571	1448730_at	-1.01135318317898	7.88362683024492	-2.25662646077462	0.045580859874597	0.593893221689753	-3.96670633225785	Cpa3
5748	1427773_a_at	1.23897543641175	4.93412103782432	2.25302576150172	0.045868693689941	0.593893221689753	-3.97233618635265	Rabac1
6028	1428485_at	-1.05171373531191	3.7729770736876	-2.25169267939668	0.0459756999587739	0.593893221689753	-3.97441978872477	Car12
4129	1424212_at	1.0330910679654	5.02095230427605	2.25039916138201	0.0460797594365563	0.593893221689753	-3.97644117367393	9430023L20Rik
8835	1449222_at	1.26359576381276	6.3339688427003	2.24931048794222	0.0461675149470682	0.593893221689753	-3.97814215751768	Ebi3
2735	1420994_at	-1.06444198925304	7.55848874835647	-2.23948070183224	0.0469671645635909	0.599042254716335	-3.99348850867033	B3gnt5
5842	1428045_a_at	1.50006566949732	5.46523011311973	2.23845835840385	0.0470510902591392	0.599424531645992	-3.99508334458253	Elf2
4644	1425145_at	-1.02679212983025	5.61349139540458	-2.21586224216915	0.0489431407986874	0.605429736076325	-4.03027135135789	Il1rl1
10463	1453913_a_at	1.07087950684109	5.859340290903	2.1897540070687	0.0512199050045808	0.614701051225607	-4.07077824581563	Tap2
6217	1429369_at	1.04635762503458	5.91795312369746	2.18974825731267	0.0512204173747102	0.614701051225607	-4.07078714834631	Tnpo3
2001	1418809_at	1.05099063153836	3.96818728451559	2.18508930589209	0.0516371953070273	0.614701051225607	-4.07799807442163	NA
1145	1417213_a_at	1.07064593362465	4.91716907045935	2.18134850819749	0.0519741767321196	0.614701051225607	-4.08378403436491	Rbm6
3119	1422556_at	1.27560261021168	4.6510687583718	2.18060497299589	0.0520414057835693	0.614701051225607	-4.08493365944261	Gna13
10297	1452708_a_at	1.22096140573866	6.08943303891566	2.13383646170274	0.0564405482356021	0.629460421380368	-4.15696199552053	Luc7l
4833	1425704_at	1.02428044597801	4.40485799048817	2.1277940417039	0.0570340327265026	0.629460421380368	-4.16622617796895	Dhrs11
3104	1422527_at	1.06197684238677	5.17138328570382	2.12529138707127	0.0572815717641801	0.629460421380368	-4.17006035022912	H2-DMa
877	1416835_s_at	1.32430125541894	7.21228292502771	2.12499484163043	0.0573109706518419	0.629460421380368	-4.17051455827462	Amd1
1552	1417884_at	1.08205226656377	6.16771448990568	2.12053550436921	0.0577547880661913	0.629460421380368	-4.17734189285176	Slc16a6
308	1416062_at	1.01477062591858	4.06557968898387	2.09878606425224	0.0599664557405485	0.632178509969503	-4.21056252927817	Tbc1d15
8347	1448404_at	1.0432474880178	4.51468130332469	2.09870022596159	0.0599753411562275	0.632178509969503	-4.21069338052214	Scamp2
11177	1460362_at	1.01786768991533	5.99749667394004	2.09830869048771	0.0600158861228009	0.632178509969503	-4.21129020802272	2410001C21Rik
1984	1418747_at	1.18862719407064	6.05799493069516	2.09679837814649	0.0601725274816749	0.632650374907238	-4.21359201217481	Sfpi1
5667	1427351_s_at	1.19397484552613	4.98496411773478	2.08113846188549	0.0618196130070424	0.632985830624742	-4.2374205636663	Ighm
10040	1452161_at	1.30820216088126	4.83439057616685	2.06962746078614	0.0630573530654665	0.634660445636279	-4.25489113640371	Tiparp
2748	1421027_a_at	1.46511499167455	6.35058048929265	2.05256166779775	0.0649354189743765	0.641537815495075	-4.28072097354246	Mef2c
2095	1419031_at	1.0977183811007	6.1764478279697	2.04691320757581	0.0655685292355528	0.645023279340704	-4.28925109359285	Fads2
9325	1450871_a_at	-1.1011621000293	5.86841016465732	-2.04392188746726	0.0659061582613397	0.645789611162527	-4.29376460057456	Bcat1
11023	1456700_x_at	-1.25002184666377	3.61672129492901	-2.0431907259293	0.0659889322464317	0.645789611162527	-4.29486741572454	Marcks
3574	1423429_at	-1.25751192892386	4.34177419193726	-2.02967803577282	0.0675363744618809	0.649909900827974	-4.31521939331996	Rhox5
1270	1417409_at	1.01728291214114	4.15282312167312	2.02255138838276	0.0683661517013531	0.650777982057433	-4.32593051279452	Jun
6165	1429104_at	1.65955887690613	6.53968602764677	2.01219019604148	0.0695895939097675	0.655993146353157	-4.34147483368107	Limd2
3738	1423695_at	1.54549891057518	5.64699542798856	2.00849718053404	0.070030596211308	0.656383045343204	-4.34700710304774	Edem2
3519	1423327_at	-1.17976066355219	3.99967766955242	-1.99408025656606	0.0717773402183834	0.656810119570175	-4.36856263421791	Rpl39l
1518	1417821_at	1.53020509830644	8.03891328080614	1.98895470593462	0.0724080971131825	0.657059151527387	-4.3762100306232	D17H6S56E-5
11133	1460288_a_at	1.51726270674515	7.93320931193772	1.96668452643557	0.0752092106341397	0.661004472082282	-4.40933767910021	Ppp4c
5379	1426831_at	1.04462399697117	5.56791583700049	1.96286034104863	0.0757002497691656	0.661004472082282	-4.41500974872725	Ahcyl1
8540	1448688_at	-1.55270587618729	5.6196522438153	-1.95649376240826	0.0765243632961568	0.661004472082282	-4.42444182388762	Podxl
7907	1438824_at	1.42141066558294	3.68660852525579	1.95537919249098	0.0766694926964903	0.661004472082282	-4.42609165021917	Slc20a1
1774	1418295_s_at	1.04380922330425	5.14502058354193	1.94887988708122	0.0775208824005179	0.661670004954615	-4.43570375629907	Dgat1
6368	1431292_a_at	1.00813276759052	5.88153267662417	1.94400034242343	0.0781658513060431	0.661997866892279	-4.44291085553182	Twf2
231	1415960_at	-1.00025941742089	10.1627206289838	-1.94390783346235	0.0781781269484739	0.661997866892279	-4.44304741265441	Mpo
7733	1438040_a_at	1.05775881096147	8.29306591714444	1.94080911194589	0.0785903526665224	0.664493766604161	-4.44761989057829	Hsp90b1
6835	1434369_a_at	-1.33339293537697	2.8359987513057	-1.91470674751679	0.0821436134386923	0.674376414246681	-4.48600393302143	Cryab
9155	1450355_a_at	1.06914491824306	7.33423862454407	1.90761946311453	0.0831337381310267	0.675667445993741	-4.49638438742854	Capg
5345	1426790_at	1.16055761036406	8.84769669633118	1.8763307250395	0.0876379726758553	0.682036505617467	-4.54199418077563	Ssrp1
9103	1450087_a_at	1.01491457848383	5.35543985347633	1.87239033999425	0.0882208839168091	0.6831989157671	-4.54771253562325	Nolc1
2682	1420886_a_at	1.35023610910168	8.71120472927005	1.85044342800362	0.0915332368785729	0.685864517796652	-4.57945528314711	Xbp1
6717	1433963_a_at	1.21098677073259	8.38549593569254	1.84268334182672	0.0927314679086683	0.685864517796652	-4.59063505018486	Fermt3
11007	1456616_a_at	1.01745429270062	6.53732800268652	1.83981563010636	0.0931778929766826	0.685864517796652	-4.59476060674325	Bsg
1794	1418335_a_at	1.12177479578436	6.1489073130879	1.83892539778898	0.0933168776583888	0.685864517796652	-4.59604066670752	NA
1457	1417721_s_at	1.17356399005082	7.71041606860554	1.83823731893947	0.0934244317377007	0.685864517796652	-4.59702984036079	Laptm5
2610	1420653_at	1.08334962128199	4.84728034372919	1.83770655791779	0.0935074728434864	0.685864517796652	-4.59779273006313	Tgfb1
6665	1433804_at	1.06590870734089	3.57957220253982	1.83493561739725	0.0939421026143019	0.685864517796652	-4.60177376167981	Jak1
453	1416246_a_at	1.3717504089891	10.3089181888397	1.83439172186458	0.0940276307998994	0.685864517796652	-4.60255482899471	Coro1a
1037	1417063_at	-1.09661636977441	2.66080547543289	-1.83337325393043	0.09418797758413	0.685864517796652	-4.60401710054958	C1qb
4930	1426114_at	1.51732367115155	6.49371552668615	1.79859812848631	0.0998150542749288	0.688121699580908	-4.6536992493247	Hnrnpab
3051	1422459_a_at	1.50034864205615	7.61286010642276	1.79416998580457	0.100553152378807	0.688904094898157	-4.65999071445855	Psmd13
6975	1434813_x_at	1.35868982705432	7.00955016062318	1.79036365119785	0.101191567429719	0.688904094898157	-4.66539232201433	Wars
9074	1450035_a_at	1.30557662188149	5.97852221282927	1.77444194956109	0.103902117846503	0.688904094898157	-4.68792228460774	Prpf40a
5395	1426851_a_at	1.23262183924737	5.31744285952741	1.77204406900123	0.10431599597202	0.690132668088573	-4.69130628075918	Nov
1387	1417597_at	1.16680743820734	3.01758719837651	1.74450892874389	0.109176693482967	0.696887185040499	-4.72999118820108	Cd28
5396	1426852_x_at	1.63217351833898	4.24999254563802	1.74435665309511	0.109204133730702	0.696887185040499	-4.73020422548633	Nov
7533	1437220_x_at	1.27212080094026	6.95052829937933	1.73879030201815	0.110211475726685	0.696887185040499	-4.73798481602569	Psmd13
299	1416050_a_at	1.17893815315374	5.96336071869946	1.7245318525997	0.112830119927616	0.696887185040499	-4.75785371963913	Scarb1
8092	1447631_at	1.0504323565965	4.20563752759962	1.72155097718322	0.113384597470544	0.696887185040499	-4.76199626439825	Myst2
7230	1435872_at	1.07247994679667	7.06953055754225	1.71403131604216	0.114794235932725	0.696887185040499	-4.77242895337904	NA
3211	1422748_at	1.22990883638537	3.87507649580858	1.71356304324251	0.114882536753416	0.696887185040499	-4.7730778002358	Zeb2
9226	1450650_at	1.10611135730074	4.32514871444922	1.68377058117904	0.120627115266478	0.69802006554829	-4.81415628063921	Myo10
952	1416933_at	1.29550432127451	5.87153264376114	1.67991370395098	0.121389271719384	0.69802006554829	-4.81944474068022	Por
11073	1460165_at	1.07241227767339	9.64344494396922	1.67343075314523	0.122680050613205	0.698164955013973	-4.82831857682595	Ppp1ca
1526	1417832_at	1.30505716186817	4.6032439528021	1.67276223565062	0.122813848395494	0.698164955013973	-4.8292325359281	Smc1a
1157	1417238_at	1.39514722703586	6.19181123460056	1.67081915893393	0.123203476372888	0.698164955013973	-4.83188782364267	Ewsr1
9617	1451285_at	1.74934578510266	7.79145023179553	1.66459795162718	0.124458376659351	0.698164955013973	-4.84037753036042	Fus
245	1415980_at	1.17838056356927	8.15114131046081	1.66393082145754	0.124593618883558	0.698164955013973	-4.84128685124004	Atp5g2
10566	1454754_a_at	1.13258634011567	7.239655333233	1.66344652344329	0.124691878844429	0.698164955013973	-4.84194683540325	Aamp
6149	1429003_at	1.13074738077526	5.96848211392858	1.66307507124043	0.124767290063503	0.698164955013973	-4.84245296296373	Snw1
7700	1437859_x_at	1.77965900482676	9.28942331974128	1.64889824555423	0.127675908331221	0.699475299230727	-4.86172133259495	Eif5a
9586	1451242_a_at	1.17398981401922	6.02811361920477	1.63641151294201	0.130287456011113	0.700231245872251	-4.87861368292165	Ppp5c
5244	1426653_at	1.21174552470539	6.89342610940678	1.60152931319821	0.137834937067928	0.708414383766912	-4.92540352532926	Mcm3
4312	1424484_at	1.10287363580414	5.32154563702383	1.58879593635512	0.140684498769039	0.710070015726797	-4.94233418486412	Mob1a
1177	1417262_at	1.18412808398876	4.66190857823775	1.58071391668446	0.142519854710239	0.711690276852529	-4.9530380615	Ptgs2
9492	1451121_a_at	1.41657577128774	7.23650011430537	1.57735224748965	0.14328941753196	0.711690276852529	-4.95748055258736	Gltscr2
3746	1423703_at	1.06434305880771	7.30123924141448	1.57457221479384	0.143928576292972	0.711690276852529	-4.9611500682256	Ppan
9835	1451721_a_at	1.02708332611694	3.6412932771167	1.57042384020759	0.144886969308318	0.711690276852529	-4.96661841191368	H2-Ab1
9474	1451097_at	1.06097777642353	5.84097928380303	1.56266802943175	0.146693754872458	0.712735693213915	-4.97681841797913	Vasp
11221	1460495_s_at	1.08521351271074	7.63889296642787	1.55839041796694	0.147698654670559	0.714562183647857	-4.9824308566533	Htra2
9126	1450165_at	1.31500231682469	6.40282926026558	1.55514697223868	0.148464604486122	0.714796749603891	-4.98668011687602	Slfn2
9207	1450623_at	1.18006273860284	7.13245506259392	1.53559280472336	0.15315607362427	0.722201388570035	-5.01218205458513	Gnb2
3858	1423826_at	1.09480032445862	7.20915401147052	1.51694442605563	0.157749573858677	0.724073707491221	-5.03631480537824	Noc4l
9491	1451120_at	1.1478857102469	7.28658610258604	1.50880584390019	0.159791345914267	0.724073707491221	-5.04678859998574	Polr1d
8143	1448127_at	1.47789988184936	7.98108936215788	1.50093286899475	0.161788147262389	0.724073707491221	-5.05688652301465	Rrm1
4105	1424184_at	1.02401194599317	7.43578213689842	1.49233960415289	0.163992135990987	0.726406826337523	-5.06786979357673	Acadvl
4870	1425859_a_at	1.08872747316386	6.54810365435008	1.48100691137688	0.166938164623181	0.730024132583565	-5.08229245616988	Psmd4
5248	1426657_s_at	1.41491329684288	8.31154516370912	1.46173318613081	0.172052768831701	0.730024132583565	-5.1066577047076	NA
4056	1424115_at	1.03835157582913	6.06605198399044	1.4597189708319	0.172594924727352	0.730024132583565	-5.10919200705891	Ppp5c
2705	1420920_a_at	1.15437986732803	8.11162465247135	1.4594701084752	0.172662010837691	0.730024132583565	-5.10950496906777	Arf1
6712	1433952_at	1.1012143420634	6.49693298317781	1.45484262663522	0.173913506014346	0.730824436203315	-5.11531798504865	Tufm
10970	1456398_at	1.07888511993403	6.4495623439574	1.44515042312244	0.176559821462332	0.732448140410754	-5.12745393708597	Tug1
441	1416228_at	1.0554557072273	6.35015578535306	1.43592734979292	0.179109779144317	0.732448140410754	-5.1389526993209	Pin1
9497	1451126_at	1.14245870326741	6.91810965915511	1.42885824476126	0.18108531930191	0.736036888196618	-5.1477329270424	Maf1
5087	1426423_at	1.1614678646368	6.54857579092511	1.42495072939901	0.182185221593425	0.736036888196618	-5.1525738861446	Shmt2
2201	1419260_a_at	1.13814346197729	8.9069002949971	1.40110602141522	0.189020238233202	0.741729512901724	-5.18192163202722	Snrpb
4828	1425676_a_at	1.01551993680025	7.20039659948566	1.31026228257042	0.217060378072675	0.755402218533748	-5.2905920321576	Elovl1
5249	1426658_x_at	1.17905208516088	7.91298763889283	1.25460555245623	0.235871189792473	0.76657957611222	-5.3546029559227	Phgdh
867	1416819_at	1.0588782031232	8.39531733103421	1.20865574597767	0.252375562514212	0.776064282323763	-5.40590805098812	Cdc37
6332	1430980_a_at	1.13933740929221	7.165839931213	1.04892125804592	0.316927724960444	0.812364201475344	-5.57273088417218	Eif4a1
5521	1427058_at	1.02228747058606	8.37775940446266	0.912934517553933	0.381037119622812	0.836759107445659	-5.69958209989575	Eif4a1
