EN1,3,1752,3,199344,18.39408779345757
PTBP1,8,1752,41,199344,12.783018937808889
TNIK,6,1752,98,199344,5.561490962932868
MECP2,10,1752,25,199344,20.957172721359264
CTNNB1,41,1752,328,199344,22.549465101499596
ETS1,18,1752,86,199344,19.92252032362963
ETS2,9,1752,27,199344,18.067896026441314
EIF2S2,4,1752,26,199344,7.924607877857078
NME2,5,1752,73,199344,5.465358435503703
RBPJ,19,1752,23,199344,41.994833315964925
PARP1,30,1752,128,199344,27.344431569812134
MAPK8,21,1752,159,199344,16.655820551743446
TUBA4A,7,1752,78,199344,7.660218238215858
S100A6,3,1752,13,199344,8.57507153069149
XRCC6,24,1752,136,199344,20.951094666166085
E7,10,1752,21,199344,22.948342682378374
RCC1,5,1752,27,199344,9.820258836678784
ARF6,5,1752,133,199344,3.559160028022367
NONO,8,1752,57,199344,10.641907957205648
CACYBP,30,1752,37,199344,52.268323877866834
RAC3,5,1752,76,199344,5.32399961399471
BCL6,17,1752,90,199344,18.305709029207325
RUNX1T1,11,1752,48,199344,16.358368169852714
RARA,32,1752,111,199344,31.549603310766
CUL1,15,1752,150,199344,11.96864836558468
S100A1,4,1752,22,199344,8.695259888280823
ESRRB,5,1752,5,199344,23.74666523091276
RARG,6,1752,18,199344,14.752375330146979
DNMT3A,8,1752,35,199344,13.93088702710997
KLF6,5,1752,18,199344,12.227062492831932
DNMT3B,9,1752,29,199344,17.398764599066443
TP53BP1,17,1752,53,199344,24.333046420603683
CREBBP,70,1752,330,199344,39.574456870838915
MAML1,6,1752,11,199344,19.07004137368485
PHB,9,1752,68,199344,10.916872903951633
HIPK2,14,1752,45,199344,21.728405396395896
SKP1,10,1752,189,199344,6.498751167137159
HNRNPA1,14,1752,126,199344,12.305717370355165
SKP2,17,1752,58,199344,23.198752400552443
OLA1,3,1752,69,199344,3.0872599015012034
RBBP4,18,1752,89,199344,19.553925327084546
NOTCH2,3,1752,34,199344,4.963242386388713
NOTCH1,12,1752,73,199344,14.243206289349075
NOTCH3,6,1752,38,199344,9.847774457256739
PURA,4,1752,28,199344,7.6007527869440406
E2F1,85,1752,97,199344,91.5391142339266
E2F4,21,1752,41,199344,34.53520267221481
RYR1,3,1752,45,199344,4.159776581564725
NCOR1,37,1752,135,199344,33.02413276149537
PIAS1,24,1752,92,199344,25.905084548588373
NCOR2,34,1752,96,199344,36.25613654180481
CDT1,14,1752,49,199344,20.76884581686499
CHEK2,10,1752,48,199344,14.811936196772242
N,4,1752,25,199344,8.100378731802296
BANF1,9,1752,53,199344,12.559603267419282
SIN3A,39,1752,178,199344,30.062570023709842
HOXA10,3,1752,13,199344,8.57507153069149
GH1,6,1752,85,199344,6.104431381342199
ATM,14,1752,105,199344,13.673215631879195
ATR,11,1752,71,199344,13.193254664024208
BRD2,2,1752,9,199344,6.860172970790239
TP53,72,1752,471,199344,33.501002209628744
EIF1B,12,1752,159,199344,9.008744906241203
SPEN,8,1752,32,199344,14.619208098899211
GTF2H1,4,1752,37,199344,6.472705787203492
TLE1,11,1752,85,199344,11.914910977664574
HNRPDL,3,1752,17,199344,7.407330555863672
SIAH2,5,1752,26,199344,10.0257951674402
CTDP1,4,1752,25,199344,8.100378731802296
GRIN1,6,1752,148,199344,4.138561941587109
SIAH1,12,1752,62,199344,15.58670093045212
CHL1,2,1752,12,199344,5.859536125305646
FHL2,15,1752,97,199344,15.390218140203771
FHL1,11,1752,38,199344,18.53797192463748
HSPA1A,13,1752,132,199344,11.041080670144048
ELF1,8,1752,38,199344,13.323853444209034
MITF,11,1752,26,199344,22.63291890493893
FUS,12,1752,52,199344,17.15014306138298
NFKB2,20,1752,180,199344,14.708145459431694
SUFU,6,1752,42,199344,9.30898299452504
NFKB1,40,1752,303,199344,22.981023861944664
LEF1,9,1752,38,199344,15.061892937685181
SSB,6,1752,85,199344,6.104431381342199
HNRNPAB,4,1752,34,199344,6.800677368620155
SUMO1,27,1752,198,199344,19.23308544331734
SERTAD2,5,1752,7,199344,19.99841427630902
EP300,67,1752,350,199344,36.60840025339344
UBXN1,4,1752,40,199344,6.180583439536279
SSRP1,5,1752,36,199344,8.363348445931743
CWC27,2,1752,16,199344,4.9803436866601904
PA2G4,13,1752,53,199344,18.446324844011485
STAT1,14,1752,134,199344,11.867654013329688
MNAT1,8,1752,25,199344,16.671574724840273
SFPQ,14,1752,73,199344,16.751162819019182
PPP1R8,5,1752,26,199344,10.0257951674402
GSK3B,18,1752,168,199344,13.658350033147258
JUN,53,1752,204,199344,38.411950478112836
YWHAQ,11,1752,163,199344,8.028834911791577
PPARG,18,1752,87,199344,19.7975967789904
SYNCRIP,8,1752,63,199344,10.051292690179643
CREM,10,1752,26,199344,20.53173161535581
GCH1,2,1752,14,199344,5.374543837770681
ASH2L,8,1752,45,199344,12.145516951942533
MLF1,2,1752,10,199344,6.478354420981731
SPI1,50,1752,57,199344,70.24424672271216
CCNA1,15,1752,70,199344,18.42068203623991
CIR1,5,1752,15,199344,13.467014575173705
CCNA2,17,1752,49,199344,25.360557955992476
ETV1,5,1752,12,199344,15.138127963788493
SPIB,12,1752,18,199344,29.904252354037276
RBL1,20,1752,70,199344,24.823518703171978
GABPA,8,1752,13,199344,23.432709340763566
EPB41,7,1752,150,199344,4.970296142807746
MAPK13,10,1752,128,199344,8.404585289949262
TOPBP1,6,1752,30,199344,11.220839006578814
KAT5,16,1752,125,199344,14.279842110022125
PRKAB1,10,1752,169,199344,7.017409729477588
PML,34,1752,107,199344,34.2418393413617
TBL1X,9,1752,26,199344,18.430544325772686
CDKN1A,25,1752,96,199344,26.414703728524742
IKBKE,18,1752,358,199344,8.410884020924012
SP4,6,1752,6,199344,26.01316842498909
SP3,26,1752,28,199344,52.14535696474579
SP2,2,1752,3,199344,12.208359901135669
SP1,62,1752,192,199344,46.6346240974297
SKP1A,7,1752,77,199344,7.720530377695014
EIF6,11,1752,109,199344,10.305265321234463
CDKN2A,15,1752,91,199344,15.948715650744623
NFATC1,9,1752,32,199344,16.513192726885496
GATA1,8,1752,46,199344,11.998891432515018
TRIM28,17,1752,92,199344,18.086006191215485
GATA2,10,1752,27,199344,20.129805323881946
Q92722,2,1752,2,199344,15.018709792642525
HNRNPL,6,1752,46,199344,8.839506673013679
POU2F1,16,1752,56,199344,22.202830104411987
POU2F2,7,1752,14,199344,19.691721873858967
DNAJC8,3,1752,8,199344,11.097573305422179
CSF3R,2,1752,34,199344,3.12580740415727
PSIP1,5,1752,12,199344,15.138127963788493
SND1,5,1752,23,199344,10.718519886473363
HNRNPD,9,1752,53,199344,12.559603267419282
MYST3,6,1752,17,199344,15.202906971415091
EWSR1,9,1752,194,199344,5.6114349794342395
HMGA1,57,1752,62,199344,76.81724353629039
CDK7,10,1752,45,199344,15.339813100093654
TEAD3,2,1752,8,199344,7.3096040494496055
SNW1,17,1752,81,199344,19.390075024448773
MYBL2,16,1752,35,199344,28.418852550366086
VAV1,10,1752,103,199344,9.601158284780064
BRCA1,46,1752,213,199344,32.39482832202647
CDK2,24,1752,144,199344,20.29802855562931
CDK1,26,1752,230,199344,16.939898172692864
S100B,5,1752,22,199344,10.979491295455865
HDAC3,39,1752,158,199344,32.05841111465525
GTF2F2,6,1752,59,199344,7.645776840193396
MCC,11,1752,228,199344,6.383231223034665
HDAC2,44,1752,211,199344,31.085797505577144
HDAC1,71,1752,344,199344,39.26738075125959
PLK2,11,1752,60,199344,14.485491898553976
TFE3,4,1752,47,199344,5.6056350486686375
ABL1,27,1752,310,199344,14.771960009125275
HMGB1,18,1752,89,199344,19.553925327084546
HMGB2,10,1752,20,199344,23.536109350692108
DNMT1,12,1752,45,199344,18.534109248244775
TRRAP,9,1752,51,199344,12.829872871213295
CNOT8,2,1752,19,199344,4.50546907470788
RBX1,8,1752,67,199344,9.700621444524216
ATF2,17,1752,76,199344,20.07175375567891
SRF,19,1752,80,199344,21.917136534694134
CCNE1,12,1752,44,199344,18.75773653361655
TBP,26,1752,153,199344,21.355816510307527
ATF1,8,1752,31,199344,14.870042536900037
TEF1,2,1752,703,199344,-1.6884916820047662
NPM1,26,1752,122,199344,24.179918445761714
RUNX1,25,1752,64,199344,32.72792672982751
HSP90AA1,19,1752,226,199344,12.12541548033581
NANOG,4,1752,19,199344,9.421387121935945
FLT3,4,1752,30,199344,7.308641181424818
ARID3A,4,1752,9,199344,14.002836298321887
ERG,4,1752,9,199344,14.002836298321887
SAP18,6,1752,49,199344,8.524280112525021
RB1,58,1752,199,199344,42.72236918354429
RING1,3,1752,34,199344,4.963242386388713
ESR1,67,1752,579,199344,27.566514830603666
NCOA2,15,1752,67,199344,18.863081148985565
NCOA3,27,1752,94,199344,28.92378503757672
NCOA6,22,1752,78,199344,25.857033947095392
BTG3,2,1752,6,199344,8.517287868046752
SKI,14,1752,31,199344,26.415784374852052
UBC,48,1752,537,199344,20.010390280461444
MDM4,12,1752,34,199344,21.500157226471696
KPNA2,10,1752,74,199344,11.644741548016876
MDM2,29,1752,185,199344,21.562787339320845
ARID4B,8,1752,15,199344,21.766039409702664
ARID4A,9,1752,16,199344,23.72983492143077
PCBP1,10,1752,62,199344,12.865343481303752
PAX6,6,1752,34,199344,10.475547333083043
CRX,7,1752,17,199344,17.80143244326556
HCFC1,14,1752,66,199344,17.698235147165885
TFDP2,4,1752,13,199344,11.546599092705904
TFDP1,7,1752,19,199344,16.795264192778042
TRAF6,26,1752,472,199344,10.776187574753173
CEBPD,9,1752,22,199344,20.116416924156038
DDB2,7,1752,22,199344,15.54795410980595
CEBPB,24,1752,75,199344,28.876014465604477
KAT2B,29,1752,121,199344,27.21018882052029
KAT2A,17,1752,73,199344,20.51309761352434
CEBPA,30,1752,70,199344,37.62919203703611
ZBTB7B,2,1752,5,199344,9.372332564232714
PRKCA,14,1752,262,199344,7.7426108682244825
CEBPE,8,1752,27,199344,16.00598672900068
NCL,20,1752,83,199344,22.662404757779857
NRIP1,16,1752,57,199344,21.9947343887307
ANXA2,14,1752,64,199344,17.996183616793488
UBE2I,29,1752,210,199344,20.07618288250146
SIRT1,16,1752,65,199344,20.50335037968504
MPG,4,1752,36,199344,6.577682614048829
IRF8,7,1752,22,199344,15.54795410980595
NFYA,12,1752,34,199344,21.500157226471696
IRF4,4,1752,21,199344,8.920430384378834
RXRA,30,1752,112,199344,29.374788721370454
IRF1,14,1752,30,199344,26.869630307194793
OTUD5,3,1752,17,199344,7.407330555863672
RNF4,6,1752,33,199344,10.64947495358894
NDN,4,1752,30,199344,7.308641181424818
PRMT6,2,1752,9,199344,6.860172970790239
PRMT2,6,1752,21,199344,13.59640115037868
FOS,28,1752,166,199344,22.07067275054817
CHD1,5,1752,73,199344,5.465358435503703
CSNK2A2,18,1752,97,199344,18.653742258506178
CSNK2A1,33,1752,223,199344,22.27009144285179
FTSJ1,5,1752,95,199344,4.578371658859909
APEX1,16,1752,41,199344,26.168978158981762
ZBTB7A,13,1752,15,199344,35.597747467250926
