logFC	ID	logFC	AveExpr	t	P.Value	adj.P.Val	B	gene.symbols2
-6.100191853	1449989_at	-6.100191853	8.141394079	-6.929249378	0.000107311	0.014987827	1.743970479	Mcpt2
-5.804660254	1422352_at	-5.804660254	5.447559151	-12.69239167	1.12E-06	0.000744007	6.1357127	Mcpt1
-5.321885083	1427482_a_at	-5.321885083	7.484603365	-11.6830642	2.14E-06	0.001210923	5.552982768	Car8
-5.035674349	1426215_at	-5.035674349	6.217912266	-9.799471597	8.28E-06	0.00334499	4.283286138	Ddc
-4.423526814	1427755_at	-4.423526814	5.698380979	-10.17252781	6.22E-06	0.002816163	4.555903273	Mcpt-ps1
-4.226790511	1425967_a_at	-4.226790511	7.968659155	-9.364277603	1.17E-05	0.003778424	3.950532071	Mcpt4
-3.420150526	1426175_a_at	-3.420150526	11.36092209	-16.54117385	1.37E-07	0.000141095	7.890186722	Tpsab1
-2.981946905	1418095_at	-2.981946905	3.09565104	-5.505476247	0.000522606	0.042230269	0.119995202	Smpx
-2.910142021	1454959_s_at	-2.910142021	6.628958905	-6.746307812	0.000129745	0.016954692	1.550769128	Gnai1
-2.874123327	1420938_at	-2.874123327	3.462418884	-8.708331122	2.02E-05	0.005710142	3.416784486	Hs6st2
-2.796700876	1434440_at	-2.796700876	4.286720519	-5.568780923	0.00048443	0.04089821	0.198335381	Gnai1
-2.767485803	1450753_at	-2.767485803	7.483408903	-6.366880801	0.000194705	0.021808932	1.13603581	Nkg7
-2.712673705	1450047_at	-2.712673705	7.430596193	-11.2619309	2.84E-06	0.001461008	5.29106002	Hs6st2
-2.592192576	1417074_at	-2.592192576	5.490341455	-1.630035671	0.140808256	0.541272105	-5.517111626	Ceacam10
-2.575270951	1422180_a_at	-2.575270951	9.553219857	-8.669476414	2.09E-05	0.005760263	3.383884216	Tpsb2
-2.492433613	1450297_at	-2.492433613	10.71067139	-4.53546248	0.001792681	0.080822511	-1.156235598	Il6
-2.403588056	1448954_at	-2.403588056	5.179944771	-7.145507095	8.61E-05	0.012994377	1.966876454	Nrip3
-2.372081848	1460291_at	-2.372081848	5.263580613	-2.853638413	0.02082136	0.272629688	-3.673419979	Cdk6
-2.347103629	1448566_at	-2.347103629	5.225762396	-2.213045424	0.05699645	0.387417469	-4.669536361	Slc40a1
-2.303307548	1416805_at	-2.303307548	5.229164961	-5.907558822	0.000325744	0.030455672	0.607532908	Fam198b
-2.232006506	1453474_at	-2.232006506	5.966954393	-3.762782059	0.005277533	0.146299874	-2.272788818	Abhd15
-2.197222152	1420463_at	-2.197222152	6.083067515	-5.747659874	0.000392109	0.035205816	0.416491066	Clnk
-2.182344549	1419524_at	-2.182344549	11.750373	-13.66326374	6.26E-07	0.000505872	6.64232174	Tph1
-2.150999009	1418743_a_at	-2.150999009	5.682674822	-2.106978725	0.067345345	0.414289225	-4.830192487	Tesc
-2.128386829	1432273_a_at	-2.128386829	6.453347379	-4.9980653	0.000979301	0.061071052	-0.52973885	Darc
-2.11075993	1416168_at	-2.11075993	5.48724286	-4.290567181	0.002500509	0.09754571	-1.500943582	Serpinf1
-2.105387702	1448919_at	-2.105387702	6.336050616	-3.144701505	0.013282461	0.22122226	-3.218464114	Cd302
-2.091925706	1420563_at	-2.091925706	4.66261612	-4.072309259	0.003388906	0.116530975	-1.815507604	Gria3
-2.088077252	1448573_a_at	-2.088077252	4.455013411	-1.23030583	0.252696901	0.661446879	-6.021076266	Ceacam10
-2.06357614	1419148_at	-2.06357614	4.438640374	-4.689528784	0.001460644	0.07430934	-0.94397328	Avil
-2.04707795	1417061_at	-2.04707795	5.652022572	-1.706322309	0.125405387	0.523896288	-5.412278636	Slc40a1
-2.044819241	1418744_s_at	-2.044819241	7.026409421	-2.098173592	0.068282893	0.416705519	-4.843432898	Tesc
-2.008880899	1424598_at	-2.008880899	6.797129056	-2.212128403	0.057078838	0.387594776	-4.67093386	Ddx6
-2.007996392	1418104_at	-2.007996392	3.835924646	-5.494424811	0.000529602	0.042492077	0.10625767	Nrip3
-1.987522523	1449877_s_at	-1.987522523	6.35633524	-3.299619114	0.01049283	0.201195562	-2.978156543	Kifc5b
-1.976242212	1423228_at	-1.976242212	4.661053924	-1.873338593	0.096991632	0.476450859	-5.175331279	B4galt6
-1.936211792	1431597_a_at	-1.936211792	4.264909193	-4.679396526	0.001480295	0.07430934	-0.957822509	Nrip3
-1.930227205	1420249_s_at	-1.930227205	10.9280791	-6.437388471	0.000180328	0.021250586	1.214567043	Ccl6
-1.908532271	1419748_at	-1.908532271	5.184510382	-2.374199844	0.04420669	0.359217893	-4.422048684	Abcd2
-1.899576354	1425216_at	-1.899576354	4.021689534	-3.045751067	0.01546184	0.239944844	-3.37274893	Ffar2
-1.88546743	1420893_a_at	-1.88546743	4.318020287	-4.818983294	0.001233001	0.068881304	-0.768402806	Tgfbr1
-1.853757356	1419219_at	-1.853757356	6.583067514	-3.52408648	0.007494376	0.17267592	-2.63351273	Cyp4f18
-1.8515969	1449859_at	-1.8515969	5.762556891	-2.116361342	0.066360144	0.412263764	-4.816066388	Golt1b
-1.825355467	1416832_at	-1.825355467	4.777709106	-5.2440126	0.000719054	0.050841589	-0.209935335	Slc39a8
-1.817360906	1422645_at	-1.817360906	4.805288071	-2.562460312	0.032855701	0.321193615	-4.129395605	Hfe
-1.807191262	1450009_at	-1.807191262	11.11315074	-1.502163833	0.170534959	0.574957492	-5.687245612	Ltf
-1.792580913	1426955_at	-1.792580913	4.176453501	-3.194854235	0.012302839	0.215261623	-3.140483293	Col18a1
-1.786947943	1418480_at	-1.786947943	9.799974597	-1.405850414	0.19649881	0.605719627	-5.810198628	Ppbp
-1.770479803	1421924_at	-1.770479803	5.864588093	-4.587233109	0.00167279	0.078199487	-1.084509667	Slc2a3
-1.765191978	1427770_a_at	-1.765191978	4.87877729	-3.706053141	0.005732235	0.153173501	-2.357921908	Slc2a3
-1.742311528	1430700_a_at	-1.742311528	7.77210438	-3.258546446	0.011166657	0.207095718	-3.041697967	Pla2g7
-1.740732652	1417697_at	-1.740732652	6.186224746	-3.995613377	0.00377721	0.123501666	-1.927630086	Soat1
-1.734957898	1419700_a_at	-1.734957898	5.313973833	-1.124897665	0.292469943	0.689299453	-6.138446484	Prom1
-1.73242379	1415900_a_at	-1.73242379	8.108479992	-9.936931613	7.44E-06	0.003203953	4.385055964	Kit
-1.693433631	1422828_at	-1.693433631	3.840919197	-1.446079931	0.185258714	0.593570011	-5.759421889	Cd3d
-1.690180294	1417215_at	-1.690180294	7.386767376	-3.485047139	0.007942511	0.176112	-2.693106033	Rab27b
-1.688712295	1433598_at	-1.688712295	6.989969973	-2.633485496	0.029383613	0.309224942	-4.018374717	Arglu1
-1.677891672	1424882_a_at	-1.677891672	9.10696954	-4.510239234	0.001854434	0.081000802	-1.191327221	Nt5dc2
-1.66957519	1417266_at	-1.66957519	12.88974664	-8.000077693	3.79E-05	0.008404946	2.792942416	Ccl6
-1.666934269	1422537_a_at	-1.666934269	9.340619472	-4.173615471	0.002940354	0.106275491	-1.668657886	Id2
-1.664804771	1421594_a_at	-1.664804771	3.538891392	-3.050681642	0.01534487	0.238886613	-3.365049266	Sytl2
-1.664515092	1435375_at	-1.664515092	9.31218041	-4.426953352	0.002075231	0.088080323	-1.307873535	Fam105a
-1.651529114	1421987_at	-1.651529114	8.050461538	-7.193899335	8.21E-05	0.012754996	2.015960126	Papss2
-1.648777773	1422027_a_at	-1.648777773	5.304037623	-3.116818838	0.013862047	0.225517042	-3.261885154	Ets1
-1.647942404	1419060_at	-1.647942404	11.89110219	-3.950347025	0.004028558	0.128777132	-1.994179997	Gzmb
-1.624116975	1450913_at	-1.624116975	4.079083767	-1.592901075	0.148916529	0.550913241	-5.567273542	B4galt6
-1.617913732	1450781_at	-1.617913732	4.234853299	-2.725712654	0.025425952	0.298695534	-3.873943122	Hmga2
-1.616801737	1419157_at	-1.616801737	6.628056624	-3.808587167	0.004938454	0.141082666	-2.204336568	Sox4
-1.615152835	1432646_a_at	-1.615152835	6.034833201	-3.323301635	0.010123852	0.197185784	-2.941580134	2900097C17Rik
-1.614570366	1419402_at	-1.614570366	8.86117508	-6.014749268	0.000288199	0.028351277	0.733533578	Mns1
-1.608023109	1424367_a_at	-1.608023109	7.430037958	-6.608525823	0.00015006	0.018655307	1.402385869	Homer2
-1.607068042	1415871_at	-1.607068042	8.255274373	-2.395393688	0.042753119	0.354854023	-4.389259764	Tgfbi
-1.594685195	1419136_at	-1.594685195	10.09973356	-3.89988252	0.004330036	0.133476002	-2.068693569	Akr1c18
-1.594551897	1452592_at	-1.594551897	8.715298789	-1.815062051	0.106136611	0.490168809	-5.259073482	Mgst2
-1.589036123	1425923_at	-1.589036123	13.44611321	-11.06772285	3.25E-06	0.001599039	5.166263596	Mycn
-1.581528335	1435758_at	-1.581528335	7.073527916	-1.292991904	0.231240895	0.640240397	-5.947871105	B4galt6
-1.573102103	1451339_at	-1.573102103	6.879320366	-7.543736214	5.82E-05	0.011110808	2.362381518	Suox
-1.572993978	1437687_x_at	-1.572993978	6.917005056	-3.195424372	0.012292147	0.215261623	-3.139597752	NA
-1.560478824	1449456_a_at	-1.560478824	12.93680962	-7.884637482	4.22E-05	0.008832918	2.686229054	Cma1
-1.547986133	1436898_at	-1.547986133	9.897199876	-1.824290454	0.104636094	0.487638274	-5.245884321	NA
-1.546517726	1421906_at	-1.546517726	6.206325853	-3.623272524	0.006472073	0.163434283	-2.482833438	Med1
-1.539359268	1422953_at	-1.539359268	10.0418591	-1.391088922	0.200769972	0.609709087	-5.828613294	Fpr2
-1.524747414	1426517_at	-1.524747414	6.703420089	-2.643782535	0.028912189	0.307836848	-4.002261421	Gnaz
-1.523294396	1434280_at	-1.523294396	8.654624021	-2.506789062	0.035866305	0.331828189	-4.216225098	NA
-1.513008479	1420610_at	-1.513008479	7.943500957	-4.895511268	0.00111677	0.065123797	-0.665814297	Prkacb
-1.512052484	1456262_at	-1.512052484	5.077829883	-2.205016797	0.057721769	0.389621942	-4.681766929	Rbm5
-1.507125282	1418469_at	-1.507125282	7.32541569	-2.789102607	0.023026109	0.285453572	-3.774583309	Nrip1
-1.500351683	1419764_at	-1.500351683	10.88220896	-2.007068108	0.078760053	0.438738013	-4.979440506	Chi3l3
-1.493086723	1425451_s_at	-1.493086723	10.23109612	-2.040280972	0.074771493	0.431356399	-4.930075861	NA
-1.489438907	1420569_at	-1.489438907	4.549089175	-7.053097342	9.46E-05	0.014076811	1.872342062	Chad
-1.485532435	1419691_at	-1.485532435	10.23484745	-1.196246499	0.265032199	0.671177935	-6.059808427	Camp
-1.484826829	1421775_at	-1.484826829	12.65809348	-13.47260304	6.99E-07	0.000527484	6.546689214	Fcer1a
-1.482671866	1423478_at	-1.482671866	8.2472599	-6.200780291	0.000233823	0.024269823	0.948333788	Prkcb
-1.482388895	1419038_a_at	-1.482388895	9.142654857	-1.79886069	0.108820046	0.496396021	-5.282160551	Csnk2a1
-1.478584889	1456112_at	-1.478584889	8.772447998	-1.784595468	0.11123546	0.50115761	-5.302415742	Tpr
-1.470608699	1417214_at	-1.470608699	8.77665522	-3.576423831	0.006935165	0.167286823	-2.553870667	Rab27b
-1.46968836	1421694_a_at	-1.46968836	5.221025125	-1.351420809	0.212648564	0.619387678	-5.877502514	Vcan
-1.46944982	1441350_at	-1.46944982	6.651417921	-5.53402375	0.000504998	0.041701	0.155396935	Fgf3
-1.454633654	1421011_at	-1.454633654	6.64895232	-3.457408031	0.00827687	0.180416624	-2.735390171	Hsd17b11
-1.449433941	1420342_at	-1.449433941	5.329890799	-2.127652857	0.065193175	0.408221464	-4.799043077	NA
-1.447146549	1426603_at	-1.447146549	5.918844398	-2.564325099	0.032759412	0.321193615	-4.126483893	Rnasel
-1.445429267	1418499_a_at	-1.445429267	6.518519865	-2.378069062	0.043937677	0.359217893	-4.416066221	Kcne3
-1.443535602	1460329_at	-1.443535602	7.384756251	-1.479258696	0.176418063	0.582447613	-5.716913273	B4galt6
-1.437852352	1417705_at	-1.437852352	7.761491476	-2.469839755	0.038017034	0.338650952	-4.273736376	Otub1
-1.426856836	1460651_at	-1.426856836	9.930436164	-4.607594283	0.001628041	0.077138197	-1.056410812	Lat
-1.423446317	1420407_at	-1.423446317	7.287016014	-1.798757598	0.108837323	0.496396021	-5.282307178	Ltb4r1
-1.422153471	1452202_at	-1.422153471	5.172562448	-1.219921416	0.256406524	0.663933852	-6.032964878	Pde2a
-1.403251793	1421907_at	-1.403251793	9.353481995	-1.83532043	0.102868897	0.484030105	-5.230084233	Med1
-1.392479382	1448123_s_at	-1.392479382	10.21515799	-2.533794545	0.034372508	0.326769903	-4.174129516	Tgfbi
-1.388859941	1425206_a_at	-1.388859941	4.724332448	-2.800669289	0.022613959	0.283557301	-3.756450858	Ube3a
-1.387003349	1438686_at	-1.387003349	6.683454273	-4.207090603	0.002806521	0.103084964	-1.620452328	Eif4g1
-1.379455267	1427628_at	-1.379455267	3.839030457	-3.567526907	0.007027015	0.167756378	-2.567388452	Trbv13-2
-1.376256763	1421182_at	-1.376256763	6.949418807	-1.050083855	0.32363093	0.711949562	-6.217081985	Clec1b
-1.374634928	1450051_at	-1.374634928	5.07154788	-2.665289304	0.027952281	0.304061691	-3.968594995	Atrx
-1.370339533	1430447_a_at	-1.370339533	5.100962453	-3.387456879	0.009191291	0.188193986	-2.842736264	Lair1
-1.366835252	1438169_a_at	-1.366835252	4.799049291	-1.734625233	0.120098159	0.515787891	-5.372809827	Frmd4b
-1.366594638	1415893_at	-1.366594638	6.402618085	-4.001376411	0.003746436	0.123501666	-1.91917716	Sgpl1
-1.365860586	1425349_a_at	-1.365860586	5.436778929	-4.033938257	0.00357753	0.119741404	-1.871501896	Myef2
-1.365697401	1455435_s_at	-1.365697401	4.012443185	-1.116542918	0.295827006	0.690486252	-6.147426257	Chdh
-1.365049593	1436419_a_at	-1.365049593	6.266567266	-3.766593241	0.005248395	0.146244071	-2.267083396	1700097N02Rik
-1.364711478	1424975_at	-1.364711478	6.302689486	-4.644460167	0.001550282	0.076147486	-1.005694492	Siglec5
-1.360024007	1428781_at	-1.360024007	2.830417258	-2.541254044	0.033971098	0.325139622	-4.162493455	Dmkn
-1.356461146	1417136_s_at	-1.356461146	6.257167205	-2.373389847	0.044263214	0.359217893	-4.423300869	Srpk2
-1.353818853	1415801_at	-1.353818853	3.580896019	-2.156918264	0.062261364	0.401346331	-4.754807528	Gja1
-1.352383377	1418237_s_at	-1.352383377	4.497449155	-2.741435322	0.024807753	0.296044414	-3.849302491	Col18a1
-1.351469894	1417171_at	-1.351469894	5.08412294	-3.317742208	0.010209225	0.198448392	-2.95016221	Itk
-1.348959975	1460419_a_at	-1.348959975	9.660812228	-4.987603588	0.000992443	0.061071052	-0.543546583	Prkcb
-1.339395535	1424086_at	-1.339395535	7.70302445	-6.633182084	0.000146181	0.01851298	1.429123052	Oaf
-1.338705063	1417903_at	-1.338705063	5.872914573	-2.527522917	0.034713711	0.328302653	-4.183909903	Dfna5
-1.326364303	1416770_at	-1.326364303	4.344176811	-2.997708869	0.01665131	0.247212959	-3.447827561	Stk25
-1.322229923	1423024_at	-1.322229923	4.784270335	-2.130209627	0.064931736	0.407571429	-4.795184965	NA
-1.321812899	1456398_at	-1.321812899	9.461830677	-3.331470529	0.009999766	0.195722073	-2.928974534	Tug1
-1.319373533	1426544_a_at	-1.319373533	7.58579898	-2.422162878	0.040985442	0.348761439	-4.347779392	Ttc14
-1.317761338	1427256_at	-1.317761338	5.691813331	-1.019047239	0.337293284	0.720369816	-6.248500871	Vcan
-1.313424107	1444028_s_at	-1.313424107	3.542505393	-2.790723105	0.022967904	0.285343122	-3.772042952	Dock9
-1.309999977	1422748_at	-1.309999977	9.230689091	-2.633983062	0.029360654	0.309224942	-4.01759619	Zeb2
-1.309178817	1426458_at	-1.309178817	6.029300555	-3.749187632	0.00538288	0.147093054	-2.293154459	Slmap
-1.307796629	1451563_at	-1.307796629	3.658065526	-1.409965033	0.195322455	0.604617666	-5.805044707	Emr4
-1.303808522	1451047_at	-1.303808522	5.851741299	-3.423739669	0.008704377	0.185605548	-2.786999351	Itm2a
-1.301182802	1422270_a_at	-1.301182802	4.652241179	-2.951331923	0.017889908	0.256480056	-3.520386638	Il6ra
-1.300973593	1421441_at	-1.300973593	7.837657775	-7.287727564	7.48E-05	0.012286745	2.110313204	Angpt1
-1.300959407	1451913_a_at	-1.300959407	6.510559395	-3.625482535	0.006451054	0.163434283	-2.47948842	Hyou1
-1.299064722	1427262_at	-1.299064722	8.706674787	-1.606638654	0.145868689	0.546971323	-5.548785644	Xist
-1.299006667	1449310_at	-1.299006667	5.638577153	-1.204809917	0.261885078	0.667826746	-6.050141041	Ptger2
-1.297181256	1450932_s_at	-1.297181256	3.181397856	-2.98285016	0.017038151	0.250979948	-3.471066736	Dock9
-1.296722604	1448169_at	-1.296722604	3.853825409	-3.414040969	0.008831808	0.186755592	-2.80188629	Krt18
-1.294778386	1453596_at	-1.294778386	3.403416138	-2.51516362	0.035396175	0.330070522	-4.203176266	Id2
-1.285843493	1452514_a_at	-1.285843493	10.68606068	-8.63324649	2.15E-05	0.005801813	3.353072371	Kit
-1.276936057	1450639_at	-1.276936057	6.871927923	-3.183183357	0.012523844	0.215583749	-3.158615383	NA
-1.27386614	1424567_at	-1.27386614	3.649921011	-2.189152801	0.059181808	0.394313874	-4.705901933	Tspan2
-1.273326281	1450407_a_at	-1.273326281	9.015638509	-1.850392861	0.100499587	0.479120029	-5.208430914	Anp32a
-1.272112036	1438700_at	-1.272112036	6.583645201	-3.199645709	0.012213291	0.214945165	-3.13304183	Fnbp4
-1.271389617	1448929_at	-1.271389617	9.415057688	-1.968410903	0.083661398	0.450356807	-5.036558326	F13a1
-1.267618223	1417533_a_at	-1.267618223	4.734963065	-1.962427022	0.084445867	0.452387567	-5.045365762	Itgb5
-1.264324592	1434279_at	-1.264324592	10.16175451	-1.941174384	0.087289512	0.457602523	-5.076570228	NA
-1.263123865	1448548_at	-1.263123865	3.451759555	-5.306872985	0.000665376	0.048563893	-0.12967322	Tulp4
-1.259658575	1426165_a_at	-1.259658575	8.95594986	-4.421649795	0.002090223	0.088233912	-1.315330057	Casp3
-1.258445803	1452646_at	-1.258445803	5.16625447	-1.423169085	0.191588873	0.600909941	-5.788444278	Trp53inp2
-1.256941124	1427747_a_at	-1.256941124	11.84052629	-1.222481237	0.25548792	0.663377288	-6.030040689	Lcn2
-1.252468366	1427950_at	-1.252468366	5.955337074	-2.521314588	0.035054847	0.329810934	-4.193589064	Ltn1
-1.250113227	1422000_at	-1.250113227	9.333084877	-7.404603404	6.66E-05	0.01196722	2.226355767	Akr1c12
-1.246178339	1459917_at	-1.246178339	5.839464777	-1.966455876	0.083916923	0.450356807	-5.039436878	Ggnbp2
-1.246164641	1435635_at	-1.246164641	5.364903092	-3.370180961	0.009433151	0.191249526	-2.869317596	Pcmtd1
-1.244118531	1418824_at	-1.244118531	3.865748014	-3.016970761	0.016163371	0.243659647	-3.417714254	Arf6
-1.238976699	1419537_at	-1.238976699	9.434457424	-1.952449366	0.085769647	0.454300434	-5.060030571	Tfec
-1.23783669	1451475_at	-1.23783669	6.342135125	-3.332327685	0.009986839	0.195722073	-2.927652165	Plxnd1
-1.237552282	1428025_s_at	-1.237552282	6.575516888	-8.182388929	3.21E-05	0.007408294	2.958524264	Pitpnc1
-1.228296391	1420993_at	-1.228296391	4.351248615	-4.121316036	0.003163373	0.112538498	-1.744289386	B3gnt5
-1.227289465	1429410_at	-1.227289465	5.659339869	-2.324170167	0.047837001	0.363924138	-4.499248533	Eny2
-1.22695714	1422136_at	-1.22695714	5.229323568	-7.956248622	3.95E-05	0.008583268	2.752598982	Uhmk1
-1.222070751	1420923_at	-1.222070751	3.918914463	-4.337299112	0.002345056	0.094675309	-1.434481567	Usp9x
-1.221353395	1417084_at	-1.221353395	6.492877264	-1.48245875	0.175585457	0.580988088	-5.712784012	Eif4ebp2
-1.213882517	1422041_at	-1.213882517	8.145774613	-1.652460351	0.136109211	0.537531116	-5.486538571	Pilrb1
-1.212832499	1419356_at	-1.212832499	7.187348164	-2.644217763	0.028892434	0.307836848	-4.001580273	Klf7
-1.212752904	1424530_at	-1.212752904	5.609316964	-2.566616483	0.032641487	0.321193615	-4.122905822	Sec14l2
-1.211393791	1449848_at	-1.211393791	5.59489283	-3.954210876	0.00400642	0.128777132	-1.988488709	Gna14
-1.210901845	1448613_at	-1.210901845	7.212517222	-5.463893135	0.000549467	0.043070048	0.068210247	Ecm1
-1.207426488	1420994_at	-1.207426488	8.235991577	-7.930783663	4.04E-05	0.008622092	2.729062539	B3gnt5
-1.206448619	1460650_at	-1.206448619	4.456199053	-2.823089906	0.021836538	0.279112162	-3.72130381	Atp6v0a1
-1.205227947	1455831_at	-1.205227947	6.333418857	-2.400238206	0.042427642	0.353396049	-4.381758218	Fus
-1.202300585	1460356_at	-1.202300585	4.141475927	-1.902226408	0.092740496	0.470059693	-5.133435271	Esam
-1.199992367	1422928_at	-1.199992367	11.3613148	-1.004651966	0.343778282	0.725184357	-6.262826542	Elane
-1.199519143	1418891_a_at	-1.199519143	6.364408837	-1.762689632	0.115042642	0.507003277	-5.333383717	Rab3d
-1.199329578	1434484_at	-1.199329578	10.0803804	-1.471466559	0.178460109	0.583709965	-5.726946631	1100001G20Rik
-1.194327554	1418345_at	-1.194327554	7.231589458	-2.34916368	0.045987628	0.361039582	-4.460718316	NA
-1.190143008	1448330_at	-1.190143008	8.194658236	-1.755994272	0.116230381	0.510052093	-5.342815299	Gstm1
-1.187100741	1419032_at	-1.187100741	9.468979295	-2.938286622	0.018255257	0.257829868	-3.540808948	2610018G03Rik
-1.186408909	1428333_at	-1.186408909	5.456437725	-2.567632765	0.032589323	0.321193615	-4.121318774	Arxes2
-1.182513348	1421424_a_at	-1.182513348	5.689373616	-2.589787418	0.03147295	0.318473602	-4.086708139	Anpep
-1.181898963	1448700_at	-1.181898963	4.024218982	-1.158330504	0.279340455	0.679442052	-6.10202803	G0s2
-1.181469679	1451139_at	-1.181469679	6.045340985	-3.085505895	0.014544534	0.229791841	-3.310700436	Slc39a4
-1.174517385	1451492_at	-1.174517385	5.601426277	-2.873380606	0.020191307	0.268362514	-3.642479997	Sla2
-1.171956063	1438467_at	-1.171956063	3.441156591	-1.323419745	0.221392946	0.628735288	-5.911475032	Mgl2
-1.170999843	1418318_at	-1.170999843	9.576602351	-5.605719718	0.000463572	0.039730249	0.243772199	Rnf128
-1.168103417	1416801_at	-1.168103417	5.232579473	-3.4826936	0.007970418	0.176112	-2.696703661	Trpm7
-1.165911178	1448550_at	-1.165911178	5.929469042	-2.475995579	0.037649887	0.337774129	-4.264162181	Lbp
-1.165721274	1421989_s_at	-1.165721274	8.10098161	-5.173161495	0.000785284	0.052567537	-0.301118488	Papss2
-1.162091871	1452381_at	-1.162091871	6.299351733	-4.056996115	0.003462871	0.117998359	-1.837829552	Creb3l2
-1.16017128	1450767_at	-1.16017128	5.963050436	-2.581361334	0.03189289	0.320145759	-4.099874562	Nedd9
-1.153014659	1421103_at	-1.153014659	7.559523988	-2.419217464	0.041176292	0.348934377	-4.352346916	Bmp2k
-1.152972515	1460271_at	-1.152972515	8.294376211	-1.984688547	0.081562754	0.445780102	-5.012553182	Trem3
-1.151322539	1449429_at	-1.151322539	5.739510445	-2.661987633	0.028097504	0.3045804	-3.97376434	Fkbp1b
-1.148958428	1424580_at	-1.148958428	6.106584649	-4.283551114	0.002524791	0.098154506	-1.510949297	Slc35a3
-1.14536225	1453915_a_at	-1.14536225	4.855220037	-3.349583419	0.009730307	0.194228148	-2.901044407	Slc37a3
-1.143701915	1422967_a_at	-1.143701915	7.857447898	-3.750225725	0.005374757	0.147093054	-2.291598509	Tfrc
-1.142298512	1449151_at	-1.142298512	4.085091831	-8.394852642	2.65E-05	0.006624069	3.147051153	Cdk18
-1.134330572	1452114_s_at	-1.134330572	3.094263176	-2.659863376	0.028191345	0.304611929	-3.977090063	Igfbp5
-1.132171667	1448460_at	-1.132171667	6.032505374	-2.28458615	0.050918735	0.376007603	-4.560108909	Acvr1
-1.126769389	1451941_a_at	-1.126769389	10.84639167	-7.24265095	7.82E-05	0.012468167	2.065118169	Fcgr2b
-1.125309711	1452532_x_at	-1.125309711	4.313731288	-1.377130802	0.204882587	0.612123759	-5.84591608	Ceacam1
-1.124304219	1425581_s_at	-1.124304219	7.992259274	-2.67763953	0.027415824	0.303901482	-3.949255746	Galnt7
-1.124168105	1422259_a_at	-1.124168105	3.585326592	-1.986469127	0.081336288	0.445780102	-5.009923213	Ccr5
-1.123794249	1453753_at	-1.123794249	4.273327632	-1.675286083	0.131474296	0.53293481	-5.455208311	Dtl
-1.122716369	1449027_at	-1.122716369	4.70778833	-1.212549149	0.259067351	0.666097487	-6.041362905	Rhou
-1.122669486	1452163_at	-1.122669486	8.491874506	-2.850948602	0.020908761	0.27314181	-3.677635831	Ets1
-1.116359094	1451707_s_at	-1.116359094	5.323303043	-2.545404838	0.033749796	0.323843458	-4.156017155	Slc41a3
-1.115705297	1451569_at	-1.115705297	6.667608781	-1.486544222	0.174527546	0.579862004	-5.707504837	Nr2c2
-1.113677606	1416416_x_at	-1.113677606	8.286131802	-1.555984395	0.157395002	0.559790984	-5.616542125	Gstm1
-1.112309808	1425214_at	-1.112309808	5.670992945	-4.051976138	0.003487493	0.118125785	-1.845154209	P2ry6
-1.10983497	1452419_at	-1.10983497	7.084511834	-4.802323432	0.001260008	0.069874872	-0.790854376	Heatr1
-1.104874254	1417605_s_at	-1.104874254	6.57940311	-7.285315168	7.49E-05	0.012286745	2.107900706	Camk1
-1.103692673	1417631_at	-1.103692673	6.63417006	-5.143787399	0.000814669	0.054213798	-0.339145724	Mknk1
-1.103457056	1430971_a_at	-1.103457056	4.327103253	-4.309934813	0.002434775	0.095974256	-1.473360308	Aqr
-1.102238575	1419483_at	-1.102238575	7.696104131	-1.74708445	0.117828717	0.511706822	-5.355341556	C3ar1
-1.099500497	1423475_at	-1.099500497	3.397546403	-3.567846217	0.007023696	0.167756378	-2.566903151	Cnnm2
-1.099485941	1449036_at	-1.099485941	9.527631128	-6.91358253	0.000109054	0.01504552	1.727593122	Rnf128
-1.098690616	1449252_at	-1.098690616	2.74408392	-5.137660539	0.000820948	0.054312163	-0.347094006	Fam110c
-1.098242398	1420380_at	-1.098242398	8.611168268	-1.57672431	0.152579552	0.555792704	-5.588937939	Ccl2
-1.096431891	1455886_at	-1.096431891	6.942266058	-0.992568036	0.349294879	0.72674339	-6.274729532	Cbl
-1.093196538	1417394_at	-1.093196538	6.117659121	-1.844616378	0.101401455	0.481370967	-5.216737963	Klf4
-1.090243274	1452283_at	-1.090243274	4.642788351	-2.859762561	0.020623772	0.271671819	-3.663821665	Rassf8
-1.088588514	1451832_at	-1.088588514	6.322043049	-2.144999395	0.063439458	0.4036505	-4.77284282	Cklf
-1.084453961	1432115_a_at	-1.084453961	5.850611907	-2.792904979	0.022889775	0.285343122	-3.768622552	Pign
-1.083130724	1455905_at	-1.083130724	3.898174635	-2.550888589	0.033459663	0.322801346	-4.147459519	2610507B11Rik
-1.083108941	1425714_a_at	-1.083108941	6.787618688	-1.707426048	0.125194407	0.523788584	-5.410745094	Nfam1
-1.082359318	1452907_at	-1.082359318	6.108383509	-3.032604746	0.015778271	0.241310645	-3.393283809	Galc
-1.082122854	1427564_at	-1.082122854	6.794727001	-2.651524697	0.028562819	0.307158908	-3.990143671	Diap2
-1.079051609	1420946_at	-1.079051609	5.363459252	-2.353245829	0.045692428	0.361039582	-4.454418126	Atrx
-1.075110168	1417150_at	-1.075110168	4.489626426	-1.6028161	0.146711022	0.548493651	-5.553938226	Slc6a4
-1.073864526	1417696_at	-1.073864526	7.343456962	-2.978221713	0.017160547	0.251147866	-3.478307292	Soat1
-1.071761261	1421933_at	-1.071761261	4.197212322	-1.539925403	0.161217246	0.564623647	-5.637781169	Cbx5
-1.071394256	1420641_a_at	-1.071394256	7.519528728	-1.860436617	0.09894954	0.478116019	-5.193962477	Sqrdl
-1.070660994	1424746_at	-1.070660994	5.451201678	-2.440120429	0.03984095	0.345215124	-4.319914632	Kif1c
-1.065753123	1418731_at	-1.065753123	5.489919031	-2.397272696	0.042626582	0.354063528	-4.38635048	Rlim
-1.065693944	1423569_at	-1.065693944	7.424271068	-2.009034564	0.078518276	0.438201101	-4.976525061	Gatm
-1.064661856	1428013_at	-1.064661856	6.828449112	-2.224170604	0.056006232	0.386849253	-4.652571206	6030458C11Rik
-1.06388487	1422135_at	-1.06388487	6.851901431	-3.543423834	0.007282389	0.169876807	-2.604052976	Zfp146
-1.063154597	1423608_at	-1.063154597	7.57564921	-4.515642306	0.001841014	0.081000802	-1.183802215	Itm2a
-1.062918346	1435176_a_at	-1.062918346	11.29636327	-2.368434475	0.044610596	0.35972213	-4.430959864	Id2
-1.061256861	1456250_x_at	-1.061256861	10.09823641	-2.160412004	0.061920121	0.400058439	-4.749515916	Tgfbi
-1.05929423	1419482_at	-1.05929423	7.09405591	-1.530555174	0.163485811	0.566928646	-5.650118497	C3ar1
-1.056548994	1418163_at	-1.056548994	5.966761741	-4.220558636	0.002754537	0.101946398	-1.601102985	Tlr4
-1.054931339	1422028_a_at	-1.054931339	3.954500232	-2.138480784	0.064092994	0.405028155	-4.782695307	Ets1
-1.052034531	1425522_at	-1.052034531	3.274927903	-2.705786504	0.026232173	0.301590017	-3.905165793	Rbm25
-1.050686011	1450273_at	-1.050686011	2.773479048	-2.694940303	0.026681968	0.303675152	-3.922157664	Il1rl2
-1.050586143	1425997_a_at	-1.050586143	5.38126105	-4.057473038	0.003460541	0.117998359	-1.837133854	Pign
-1.050313972	1437110_at	-1.050313972	7.828040422	-0.996361933	0.347555703	0.72674339	-6.271004552	2810474O19Rik
-1.048307487	1421287_a_at	-1.048307487	8.749585874	-4.904799405	0.001103494	0.064683026	-0.653424048	Pecam1
-1.048136641	1419728_at	-1.048136641	5.396418454	-0.980669614	0.35479193	0.730901068	-6.286339514	Cxcl5
-1.048123512	1431239_at	-1.048123512	6.448418853	-1.738616045	0.11936684	0.515080285	-5.367220713	Nono
-1.046020714	1438824_at	-1.046020714	5.136880587	-2.143160158	0.06362319	0.404137646	-4.775623533	Slc20a1
-1.045402046	1419112_at	-1.045402046	8.079603033	-2.170978426	0.06089921	0.396862191	-4.733498521	Nlk
-1.044705063	1451006_at	-1.044705063	5.833174189	-2.333451408	0.047141739	0.363924138	-4.484949385	Xdh
-1.043161706	1452063_at	-1.043161706	3.660545171	-6.077095097	0.000268566	0.026651639	0.806065624	Zbtb8a
-1.042346929	1435476_a_at	-1.042346929	9.828964038	-5.483515389	0.000536608	0.04275105	0.092678768	Fcgr2b
-1.041234072	1449965_at	-1.041234072	13.88292008	-3.29028342	0.010642143	0.202004305	-2.992587612	Mcpt8
-1.039811353	1425941_a_at	-1.039811353	3.605129363	-2.998944279	0.01661956	0.247065819	-3.445895735	Fanci
-1.037489002	1431213_a_at	-1.037489002	2.83028737	-3.789969811	0.005073383	0.142996632	-2.232127355	NA
-1.035650094	1425145_at	-1.035650094	12.16214235	-7.586486004	5.59E-05	0.011110808	2.403721542	Il1rl1
-1.030936809	1420856_a_at	-1.030936809	6.989580404	-4.21978375	0.0027575	0.101946398	-1.602215548	Lancl2
-1.030332352	1435323_a_at	-1.030332352	7.65036351	-2.629234867	0.029580495	0.309855683	-4.025025161	Mboat1
-1.029489072	1419518_at	-1.029489072	10.03475284	-4.866000408	0.001160117	0.066961227	-0.705268792	Tuba8
-1.029283598	1428736_at	-1.029283598	5.411059615	-3.719869978	0.005617773	0.151679872	-2.337151262	Gramd3
-1.026683885	1428905_at	-1.026683885	7.92523561	-3.033249033	0.015762607	0.241310645	-3.392277239	Rraga
-1.025482696	1422552_at	-1.025482696	7.418852507	-5.713347474	0.000408204	0.036078249	0.375009961	Rprm
-1.023973486	1418102_at	-1.023973486	4.851831261	-1.728172204	0.121289505	0.516250801	-5.381834902	Hes1
-1.023763052	1421321_a_at	-1.023763052	6.747380178	-2.824179294	0.021799472	0.279112162	-3.719596109	Net1
-1.019447767	1417604_at	-1.019447767	6.486417192	-9.576645315	9.86E-06	0.003507048	4.114950094	Camk1
-1.01933304	1418612_at	-1.01933304	5.82443329	-0.539596958	0.603810675	0.863360739	-6.631304114	Slfn1
-1.017541016	1448207_at	-1.017541016	6.503871215	-3.008783328	0.016368932	0.245273818	-3.430512384	Lasp1
-1.016579847	1421854_at	-1.016579847	8.494694881	-2.24849817	0.053899768	0.381582028	-4.61540511	Fgl2
-1.015840476	1426852_x_at	-1.015840476	7.005761804	-2.643130041	0.028941832	0.307836848	-4.003282588	Nov
-1.0148496	1452427_s_at	-1.0148496	7.380245838	-3.707531001	0.005719875	0.153173501	-2.355699175	Ptplad1
-1.014704294	1420947_at	-1.014704294	5.420065465	-1.834165777	0.103052563	0.484030105	-5.231740063	Atrx
-1.014245445	1420713_a_at	-1.014245445	2.724465808	-3.099257497	0.014240589	0.228192329	-3.289255843	Mdfi
-1.013599108	1451843_a_at	-1.013599108	6.25348461	-3.469055019	0.008134194	0.179031385	-2.717562578	Ggta1
-1.01220055	1422062_at	-1.01220055	5.880079983	-2.470301647	0.037989361	0.338650952	-4.273018098	Msr1
-1.009565047	1420988_at	-1.009565047	4.718547997	-1.285875662	0.233596838	0.642267429	-5.956303246	Polh
-1.009552532	1418703_at	-1.009552532	9.394711727	-3.589834236	0.006799117	0.167272601	-2.533511513	Rbms1
-1.009025309	1425215_at	-1.009025309	4.727480688	-1.737951708	0.119488292	0.51532219	-5.368151517	Ffar2
-1.008174916	1455204_at	-1.008174916	7.767669837	-3.755806711	0.00533131	0.146747223	-2.283235678	Pitpnc1
-1.007430148	1453683_a_at	-1.007430148	7.25945289	-3.001382706	0.016557078	0.247065819	-3.442082906	Cep55
-1.005098479	1456492_at	-1.005098479	6.570563507	-1.684839043	0.129577997	0.530919245	-5.442034478	Mau2
-1.001766945	1451796_s_at	-1.001766945	10.34084703	-3.430106258	0.008621783	0.185433909	-2.777231851	Hdc
-1.001625932	1421207_at	-1.001625932	4.574068272	-1.70846166	0.124996749	0.523452959	-5.409305789	Lif
-1.000229748	1451048_at	-1.000229748	6.118026419	-3.30598326	0.010392306	0.200192103	-2.968322922	Metap2
1.001076396	1417877_at	1.001076396	4.85272298	3.687873759	0.005886634	0.154513886	-2.385285243	Eepd1
1.002909876	1417688_at	1.002909876	4.803133046	2.497672221	0.036385283	0.333728738	-4.230424885	Fam20c
1.005820016	1430172_a_at	1.005820016	8.136975977	5.639382586	0.000445418	0.038465769	0.285003347	NA
1.006463207	1420697_at	1.006463207	7.628384856	0.66796758	0.522501783	0.827496172	-6.549163412	Slc15a3
1.006902612	1421638_at	1.006902612	2.51991154	5.438147725	0.000566853	0.043329777	0.03601882	Psg17
1.008112798	1420330_at	1.008112798	10.63476444	1.399434388	0.198345443	0.606595997	-5.818217032	Clec4e
1.009479471	1417025_at	1.009479471	8.818269539	1.55595231	0.157402556	0.559790984	-5.616584678	H2-Eb1
1.013934463	1416306_at	1.013934463	2.439508629	3.032349357	0.015784485	0.241310645	-3.393682808	Clca3
1.014219642	1418201_at	1.014219642	4.557551723	3.701707743	0.005768745	0.153173501	-2.364458978	Plekhg2
1.014418958	1426998_at	1.014418958	8.310639437	3.140595279	0.013366201	0.2213936	-3.224855757	Zfand3
1.015363995	1448523_at	1.015363995	3.906060884	3.751767816	0.005362715	0.147093054	-2.289287382	Nphp1
1.01698628	1425742_a_at	1.01698628	10.17186847	2.175265827	0.060489702	0.395560696	-4.726993629	Tsc22d1
1.017183889	1422706_at	1.017183889	4.976963244	0.975468024	0.3572154	0.731828625	-6.291380394	Pmepa1
1.020050503	1420043_s_at	1.020050503	4.466131386	2.138105858	0.064130783	0.405028155	-4.783261739	NA
1.020459923	1448489_at	1.020459923	9.086503292	4.045027315	0.003521887	0.11858069	-1.855298969	Pafah2
1.021103555	1418741_at	1.021103555	8.139968412	4.773954037	0.001307487	0.071032463	-0.82918359	Itgb7
1.027600796	1418288_at	1.027600796	4.893596048	3.655079031	0.006176458	0.158445048	-2.434745368	Lpin1
1.027820762	1425917_at	1.027820762	8.385011746	0.425794951	0.681210113	0.895998876	-6.690443959	H28
1.028695907	1417372_a_at	1.028695907	9.919558715	1.3979924	0.198762542	0.606740562	-5.820016082	Peli1
1.031352019	1419561_at	1.031352019	10.30627014	1.303700583	0.2277335	0.636630409	-5.935124786	Ccl3
1.032750571	1419954_s_at	1.032750571	6.096799614	2.967667253	0.017443079	0.253316499	-3.494820995	Zfand3
1.033853186	1424326_at	1.033853186	6.084673588	4.226070928	0.002733561	0.101946398	-1.593191053	Lemd2
1.036417985	1454169_a_at	1.036417985	7.362273377	0.712402669	0.495977609	0.815020906	-6.51707295	Epsti1
1.036793316	1416679_at	1.036793316	10.06562693	6.752730381	0.000128875	0.016954692	1.557625151	Abcd3
1.037133755	1449731_s_at	1.037133755	10.79575254	1.41747589	0.193190966	0.602417143	-5.795613288	Nfkbia
1.039559244	1433645_at	1.039559244	7.418607459	2.404764572	0.042125785	0.352752779	-4.374747159	NA
1.040467905	1417995_at	1.040467905	7.38039562	7.241730856	7.82E-05	0.012468167	2.064193088	Ptpn22
1.040929883	1451461_a_at	1.040929883	6.674933044	2.328903901	0.047481127	0.363924138	-4.49195684	Aldoc
1.043048796	1417565_at	1.043048796	7.883531317	4.222347676	0.00274771	0.101946398	-1.598534653	Abhd5
1.043206458	1434009_at	1.043206458	4.902192637	8.226439895	3.08E-05	0.007268149	2.998000674	Grlf1
1.04349842	1427381_at	1.04349842	8.815002552	0.476512988	0.646144641	0.883043528	-6.66571463	Irg1
1.044443632	1460688_s_at	1.044443632	7.297642862	6.458333181	0.000176286	0.020992882	1.237764996	Unc119b
1.044981458	1425506_at	1.044981458	7.123285331	1.912212737	0.091312646	0.467853243	-5.11889561	Mylk
1.046139548	1425701_a_at	1.046139548	5.066666868	2.565378759	0.032705133	0.321193615	-4.124838605	Rgs3
1.047341027	1425197_at	1.047341027	4.758018642	2.803097925	0.022528389	0.283496849	-3.752643619	Ptpn2
1.04848606	1418133_at	1.04848606	7.124842307	1.224648606	0.25471228	0.663377288	-6.027561521	Bcl3
1.050350834	1417714_x_at	1.050350834	3.880943624	1.89567923	0.093688144	0.471171125	-5.142952109	NA
1.050670934	1456225_x_at	1.050670934	5.842999661	0.878301636	0.404772477	0.760662962	-6.381569646	Trib3
1.051259717	1449077_at	1.051259717	6.328064419	2.556893237	0.033144871	0.322242906	-4.138086981	Ahsp
1.056103065	1434472_at	1.056103065	7.150933697	2.671947184	0.027661764	0.303901482	-3.958169938	Dusp3
1.056223332	1452716_at	1.056223332	8.689892422	4.48001222	0.001931484	0.083400286	-1.233505817	5730469M10Rik
1.057111941	1424704_at	1.057111941	9.319999878	6.376335126	0.000192706	0.021800867	1.146605379	Runx2
1.057435237	1424863_a_at	1.057435237	8.380104628	5.955450371	0.000308344	0.029814482	0.664032252	Hipk2
1.062668121	1425983_x_at	1.062668121	7.834283063	5.761849162	0.000385658	0.034986773	0.433594447	Hipk2
1.065590267	1425065_at	1.065590267	7.300648792	0.544542429	0.600555233	0.861392689	-6.628437822	Oas2
1.066203805	1420175_at	1.066203805	5.574729022	2.273355784	0.051828448	0.378439193	-4.57733688	Tax1bp1
1.067444636	1448530_at	1.067444636	8.177921794	3.704323366	0.005746739	0.153173501	-2.360523854	Gmpr
1.071006698	1438802_at	1.071006698	5.234643748	3.67662586	0.005984373	0.155993577	-2.402234902	Foxp1
1.073378877	1424586_at	1.073378877	4.668035142	2.326153968	0.04768754	0.363924138	-4.49619309	Ehbp1
1.079894617	1421596_s_at	1.079894617	7.259499028	0.436313743	0.673866017	0.894407902	-6.685532812	H28
1.07998016	1448956_at	1.07998016	7.086442478	4.292235173	0.002494773	0.09754571	-1.498565888	Stard10
1.080973994	1436172_at	1.080973994	9.682587064	1.280467767	0.235400719	0.645026376	-5.962690611	Gm20559
1.085017741	1422562_at	1.085017741	6.546521856	1.599117775	0.147530186	0.549240987	-5.558917332	Rrad
1.08543316	1448377_at	1.08543316	11.40042622	6.572169198	0.000155989	0.018975313	1.362813547	Slpi
1.085462925	1420191_s_at	1.085462925	3.627412231	3.163422117	0.01290758	0.217017268	-3.189337231	Tmem191c
1.086597304	1424354_at	1.086597304	4.757446619	1.354977845	0.211559241	0.619041153	-5.873154686	Tmem140
1.088756549	1427683_at	1.088756549	4.307159748	2.089016998	0.06927137	0.41972134	-4.857184823	Egr2
1.092362536	1417148_at	1.092362536	2.885028066	4.986935784	0.000993289	0.061071052	-0.544428542	Pdgfrb
1.093261323	1423602_at	1.093261323	4.77505961	0.717552929	0.492959367	0.812695553	-6.513235293	Traf1
1.094020255	1455581_x_at	1.094020255	8.767728314	1.310545871	0.225515184	0.633098882	-5.926941099	Gm20559
1.095792729	1455792_x_at	1.095792729	3.229769385	2.6800461	0.027312521	0.303901482	-3.945486803	Ndn
1.098492537	1452732_at	1.098492537	3.357885728	1.248792715	0.246203072	0.655424383	-5.999741621	Asprv1
1.101230408	1437696_at	1.101230408	5.305748856	1.425581976	0.190913389	0.600091133	-5.785400723	Zfp948
1.102045721	1420331_at	1.102045721	8.009192971	1.476946338	0.17702188	0.582447613	-5.719893897	Clec4e
1.103802159	1450061_at	1.103802159	4.49637526	3.402778976	0.008982253	0.187429738	-2.819183854	Enc1
1.104208409	1451260_at	1.104208409	6.726124059	4.695127947	0.001449906	0.07430934	-0.936326776	Aldh1b1
1.104631722	1426278_at	1.104631722	10.25963526	0.545799626	0.599729169	0.860892526	-6.627705302	Ifi27l2a
1.105774273	1417022_at	1.105774273	3.900731866	1.562551693	0.155855554	0.558791109	-5.607822329	Slc7a3
1.107617228	1434272_at	1.107617228	7.497827241	5.846439384	0.000349532	0.032148453	0.534947766	Cpeb2
1.113473935	1455642_a_at	1.113473935	3.087769861	4.425687605	0.002078798	0.088080323	-1.30965273	Tspan17
1.118722852	1425899_a_at	1.118722852	3.974686359	2.455679552	0.038875336	0.340136638	-4.295748067	Itsn1
1.12102951	1423835_at	1.12102951	6.10516533	2.164643823	0.061509246	0.398571681	-4.743103424	Zfp503
1.122287903	1452519_a_at	1.122287903	8.77087626	2.079149819	0.07035217	0.422490874	-4.871984227	Zfp36
1.123164346	1416441_at	1.123164346	5.586623065	2.872760093	0.020210807	0.268362514	-3.643452384	Pgcp
1.125986122	1418580_at	1.125986122	8.715835823	0.502700056	0.628392489	0.875578076	-6.65191732	Rtp4
1.129895351	1453576_at	1.129895351	8.023175637	8.951870266	1.64E-05	0.00476253	3.619663924	Nipbl
1.131786528	1417930_at	1.131786528	5.821324965	1.596997448	0.148001703	0.550108693	-5.561769277	Nab2
1.13215551	1420628_at	1.13215551	10.46179483	9.140190446	1.40E-05	0.00418714	3.772687359	Pura
1.133151697	1418346_at	1.133151697	5.302679985	1.638190826	0.139082442	0.539558012	-5.506017237	Insl6
1.138971714	1434736_at	1.138971714	6.328302453	2.609377131	0.030518225	0.312728881	-4.056084643	Hlf
1.140703316	1416842_at	1.140703316	7.050737312	6.741605729	0.000130386	0.016954692	1.545746295	Gstm5
1.140738874	1419811_at	1.140738874	4.426037777	2.297228425	0.049913617	0.371739798	-4.540694074	Adcy9
1.14576546	1421142_s_at	1.14576546	7.19585233	7.558119396	5.74E-05	0.011110808	2.376314087	Foxp1
1.149066532	1417483_at	1.149066532	8.435817378	0.730648219	0.485338038	0.808753752	-6.503368082	Nfkbiz
1.149324095	1449591_at	1.149324095	9.068503388	1.382847764	0.203189404	0.61089002	-5.838842204	Casp4
1.151168983	1448656_at	1.151168983	2.822776214	1.596025182	0.148218372	0.550108693	-5.563076366	Cacnb3
1.15360821	1416271_at	1.15360821	4.62250415	2.054478322	0.07312688	0.428774431	-4.90889608	Perp
1.160224064	1452375_at	1.160224064	4.870459519	2.218890819	0.056474033	0.387417469	-4.660625018	Aldh4a1
1.161216204	1448752_at	1.161216204	11.01258927	2.234941819	0.05506372	0.385178639	-4.636126989	Car2
1.16571099	1448595_a_at	1.16571099	8.417513949	2.280748948	0.051227769	0.377304527	-4.565997372	Bex1
1.168332983	1450896_at	1.168332983	4.561685215	4.191822794	0.00286673	0.104280772	-1.642418773	Arhgap5
1.169757384	1452614_at	1.169757384	2.74867465	3.937434392	0.004103498	0.12975192	-2.013214164	Bcl2l15
1.172328883	1417596_at	1.172328883	3.116569074	4.717020542	0.001408736	0.073782522	-0.906474825	B9d1
1.178815862	1421802_at	1.178815862	5.423253951	2.896256506	0.019485804	0.265914233	-3.60663639	Ear1
1.180369686	1455899_x_at	1.180369686	8.747466424	1.561189412	0.156173767	0.558791109	-5.609632726	Socs3
1.182016972	1427484_at	1.182016972	3.419948514	3.76426955	0.00526614	0.146299874	-2.270561799	Eml5
1.183541297	1421137_a_at	1.183541297	5.396903699	2.074139919	0.070907197	0.42458469	-4.879490435	Pkib
1.184579232	1435382_at	1.184579232	5.439124235	3.667971985	0.006060746	0.156541594	-2.415285641	Ndn
1.187454983	1419711_at	1.187454983	2.711932883	9.61355524	9.58E-06	0.003507048	4.143126152	Cd7
1.192702108	1449380_at	1.192702108	2.679590703	6.724482573	0.00013275	0.017065952	1.527430712	Pacsin1
1.193332644	1417612_at	1.193332644	8.67127896	1.73854666	0.11937952	0.515080285	-5.367317936	Ier5
1.195093588	1421073_a_at	1.195093588	6.127486216	2.512157695	0.035564201	0.330598029	-4.207860512	Ptger4
1.195603137	1418069_at	1.195603137	3.414371886	1.718536391	0.12308891	0.518820983	-5.395282658	Apoc2
1.195769927	1449227_at	1.195769927	2.545686012	1.571728644	0.15372713	0.556868381	-5.595604761	Ch25h
1.197046	1455618_x_at	1.197046	5.860375778	2.834187378	0.021461976	0.276222221	-3.703907999	Tspan33
1.201931486	1448306_at	1.201931486	10.79657153	1.50816923	0.169021676	0.573357328	-5.679424687	Nfkbia
1.20194563	1416505_at	1.20194563	5.82340141	1.5949607	0.148455922	0.550108693	-5.564506957	Nr4a1
1.20199552	1456212_x_at	1.20199552	7.633197627	1.399664785	0.19827887	0.606595997	-5.81792948	Socs3
1.20406207	1451507_at	1.20406207	9.056570185	3.874583462	0.004490174	0.135357356	-2.106174601	Mef2c
1.20962434	1426065_a_at	1.20962434	6.446485116	0.879252795	0.404285857	0.760380033	-6.380724201	Trib3
1.215532958	1419709_at	1.215532958	8.625455585	1.455112808	0.182813955	0.590090256	-5.747904509	Stfa3
1.215693219	1448385_at	1.215693219	9.193362732	4.377572738	0.002219435	0.091303538	-1.37746123	Slc15a4
1.216080597	1425678_a_at	1.216080597	6.372931043	3.090998048	0.01442234	0.229479508	-3.302134635	Snrk
1.216447471	1416576_at	1.216447471	5.276795002	1.159454282	0.278907537	0.679442052	-6.100790588	Socs3
1.217910593	1430297_a_at	1.217910593	6.16740877	3.259777995	0.011145805	0.207048423	-3.039790792	Aplf
1.221044588	1437548_at	1.221044588	4.493990286	1.800965823	0.1084678	0.495996856	-5.279165657	Bicd1
1.223858738	1425281_a_at	1.223858738	7.211338223	4.314657051	0.002419032	0.095687093	-1.466643216	Tsc22d3
1.224630418	1427736_a_at	1.224630418	6.100670098	0.754685271	0.471547901	0.801305538	-6.484850687	Ccrl2
1.227072933	1417872_at	1.227072933	5.113550069	1.198450164	0.264219384	0.670475062	-6.057325267	Fhl1
1.227323145	1420089_at	1.227323145	4.99027973	1.635131916	0.139727495	0.540422959	-5.510181869	Nfkbia
1.228737777	1454758_a_at	1.228737777	8.833063076	2.43752802	0.040004167	0.345215124	-4.323939104	Tsc22d1
1.231793698	1419721_at	1.231793698	4.5098266	0.594194998	0.568404314	0.848332412	-6.59832198	Niacr1
1.235694638	1420549_at	1.235694638	7.341476205	0.832592409	0.428648748	0.776136889	-6.421299442	Gbp1
1.236063279	1419515_at	1.236063279	7.275242219	6.962898331	0.000103671	0.014660351	1.77904004	Fgd2
1.237198237	1426910_at	1.237198237	6.567759	3.582028455	0.006877958	0.167272601	-2.54535955	Pawr
1.239115215	1418203_at	1.239115215	9.994598712	2.367819737	0.04465388	0.35972213	-4.43190981	Pmaip1
1.240120605	1449099_at	1.240120605	7.470135326	7.570447973	5.67E-05	0.011110808	2.388237273	Lrba
1.241076406	1438183_x_at	1.241076406	5.376640202	5.539770815	0.000501532	0.041701	0.162509173	Sord
1.249538848	1421744_at	1.249538848	5.885359336	4.19460632	0.002855651	0.104212822	-1.638411515	Tnfsf4
1.253862559	1417244_a_at	1.253862559	7.437276526	0.487196566	0.63887234	0.880302116	-6.66016974	Irf7
1.255041453	1460251_at	1.255041453	6.272414101	1.346007957	0.214315464	0.620996084	-5.884104904	Fas
1.257316803	1420464_s_at	1.257316803	10.57654641	5.011264865	0.000962989	0.060693174	-0.512341439	NA
1.258223633	1419607_at	1.258223633	6.785191976	1.196069027	0.265097748	0.671177935	-6.060008269	Tnf
1.258982287	1448021_at	1.258982287	6.478229124	1.942622394	0.087092885	0.457305981	-5.07444801	Fam46c
1.262410098	1452087_at	1.262410098	7.472490195	0.773866007	0.460730208	0.796278415	-6.469701525	Epsti1
1.262506281	1451161_a_at	1.262506281	8.493493441	2.350290876	0.045905925	0.361039582	-4.458978852	Emr1
1.266017749	1417172_at	1.266017749	4.717324936	0.673574128	0.51910773	0.826205086	-6.545215946	Ube2l6
1.269261141	1451160_s_at	1.269261141	6.295740561	4.082033964	0.003342815	0.116076985	-1.801348762	Pvr
1.274896181	1436214_at	1.274896181	7.657275326	3.914589719	0.004239758	0.131770266	-2.046942952	Kansl1l
1.275105587	1435383_x_at	1.275105587	5.881143915	2.372578882	0.044319879	0.359389014	-4.424554477	Ndn
1.276793781	1425374_at	1.276793781	5.167423331	0.587454264	0.572711173	0.850218498	-6.602552294	Oas3
1.290144589	1421230_a_at	1.290144589	4.332911084	2.440248762	0.039832888	0.345215124	-4.319715391	Msi2
1.29544777	1419208_at	1.29544777	4.807301987	1.028155603	0.333238611	0.718105286	-6.239355286	Map3k8
1.298905364	1416402_at	1.298905364	6.713673804	4.44488475	0.002025399	0.086792931	-1.282693872	Abcb10
1.310148931	1449084_s_at	1.310148931	6.804849164	3.873255832	0.004498751	0.135357356	-2.108143804	Sh3d19
1.311860834	1454967_at	1.311860834	5.588019875	4.82442943	0.00122431	0.068881304	-0.761072531	A930001N09Rik
1.329463722	1415943_at	1.329463722	3.263293222	2.131673281	0.064782535	0.407158232	-4.792975771	Sdc1
1.337190204	1418059_at	1.337190204	8.457077518	3.085153071	0.01455242	0.229791841	-3.311250771	Eltd1
1.337498616	1427433_s_at	1.337498616	2.547363346	6.304296142	0.000208528	0.022683483	1.065759398	Hoxa3
1.338692726	1450905_at	1.338692726	8.495208544	5.227705688	0.000733738	0.051015064	-0.230854311	Plxnc1
1.3392411	1433711_s_at	1.3392411	9.810960411	5.517511781	0.000515102	0.042227128	0.134935279	Sesn1
1.340595236	1420930_s_at	1.340595236	5.826194536	4.663046289	0.001512613	0.075384106	-0.980203595	Ctnnal1
1.34060127	1428229_at	1.34060127	8.884856344	11.48672961	2.44E-06	0.001312925	5.43232531	Prkd3
1.341648957	1425505_at	1.341648957	5.717432754	2.364949998	0.044856497	0.359780923	-4.436343815	Mylk
1.347380127	1449047_at	1.347380127	7.067640945	5.43195713	0.000571122	0.043363145	0.028263431	Hacl1
1.357371802	1420772_a_at	1.357371802	6.978097432	4.758472097	0.001334214	0.071032463	-0.850152581	Tsc22d3
1.362185571	1418416_x_at	1.362185571	2.838903574	2.798839464	0.022678652	0.283809277	-3.759319378	Psg23
1.369185098	1451382_at	1.369185098	6.891252649	1.414968117	0.193900372	0.603464898	-5.798765665	Chac1
1.371881523	1417277_at	1.371881523	8.226635339	9.137799684	1.41E-05	0.00418714	3.770765327	Cyp4f16
1.379663693	1420401_a_at	1.379663693	3.321998433	2.252283797	0.053579107	0.381522739	-4.609613502	Ramp3
1.380570721	1423214_at	1.380570721	5.941873475	3.873687801	0.004495958	0.135357356	-2.107503062	Plxnc1
1.384139815	1427102_at	1.384139815	9.095231408	0.621546098	0.551119997	0.842629194	-6.580704877	Slfn4
1.388357277	1427660_x_at	1.388357277	7.202636669	0.724418307	0.488954281	0.809752096	-6.508081821	NA
1.389083639	1417073_a_at	1.389083639	9.580060459	8.498497146	2.42E-05	0.006372245	3.237326609	Qk
1.390607914	1436570_at	1.390607914	9.349807415	4.558610691	0.001737963	0.079601498	-1.124114915	Pag1
1.397326038	1454699_at	1.397326038	9.266959252	4.849608096	0.001184982	0.067705552	-0.727241892	Sesn1
1.39861256	1421836_at	1.39861256	7.813510575	7.359869901	6.96E-05	0.012136424	2.182134526	Mtap7
1.408467757	1418929_at	1.408467757	9.999309693	10.32169636	5.57E-06	0.002623749	4.661797002	Ift57
1.411212936	1438931_s_at	1.411212936	9.758850509	3.996262643	0.003773729	0.123501666	-1.926677551	Sesn1
1.422264559	1425958_at	1.422264559	6.404295234	0.853717037	0.417494776	0.770241095	-6.403158346	Il1f9
1.426381538	1416130_at	1.426381538	8.367546452	4.418102101	0.002100316	0.088330395	-1.320320257	Prnp
1.430434806	1452417_x_at	1.430434806	7.215481901	0.740063395	0.479905701	0.805634841	-6.496177239	NA
1.43092304	1448631_a_at	1.43092304	2.612281333	3.142892936	0.013319276	0.221264276	-3.221279158	Hipk2
1.439245555	1424250_a_at	1.439245555	8.332600974	1.775320864	0.112832732	0.504776244	-5.315547466	Arhgef3
1.443093824	1450829_at	1.443093824	5.085462574	1.387781892	0.201737829	0.610234241	-5.832722456	Tnfaip3
1.444632369	1418058_at	1.444632369	7.380566536	2.667244969	0.027866624	0.303901482	-3.965532903	Eltd1
1.447883343	1417856_at	1.447883343	6.085206101	0.960969621	0.364035792	0.73653696	-6.305318866	Relb
1.47468385	1424067_at	1.47468385	8.988512183	1.340638728	0.215979993	0.62315268	-5.89063751	Icam1
1.476194236	1426363_x_at	1.476194236	3.122433999	3.08464244	0.014563842	0.229791841	-3.312047262	H2afy2
1.47827204	1450484_a_at	1.47827204	7.843831814	0.682143568	0.513946316	0.825539496	-6.53912543	Cmpk2
1.483945134	1448233_at	1.483945134	10.12932524	4.591306059	0.001663733	0.078098818	-1.078883903	Prnp
1.486719092	1420841_at	1.486719092	2.597119862	3.698606906	0.005794949	0.153173501	-2.369125143	Ptprf
1.488921888	1421685_at	1.488921888	4.334970405	3.248330266	0.011341219	0.208623098	-3.057523149	Clec4b1
1.494549389	1423606_at	1.494549389	2.599713604	6.183667729	0.000238321	0.024510241	0.928778152	Postn
1.495985741	1449442_at	1.495985741	4.906732869	5.024157138	0.000947342	0.060209462	-0.495374723	Pex11a
1.497965858	1451263_a_at	1.497965858	3.913900431	2.322310711	0.047977518	0.363924138	-4.502112011	Fabp4
1.500632609	1450783_at	1.500632609	6.651212034	0.525885741	0.612885451	0.867046136	-6.639123406	Ifit1
1.506647578	1425450_at	1.506647578	2.603746334	3.865539584	0.004548946	0.135784241	-2.119593401	Chi3l4
1.513571424	1452366_at	1.513571424	7.310735629	7.015771515	9.82E-05	0.014431081	1.833856221	Csgalnact1
1.515537949	1448355_at	1.515537949	5.117673683	2.082667425	0.069964998	0.421511987	-4.866710674	Prss16
1.517871533	1419759_at	1.517871533	2.656244141	5.273908621	0.000692958	0.049616659	-0.171688553	Abcb1a
1.525950783	1417023_a_at	1.525950783	3.146976553	1.751146908	0.117097424	0.511706822	-5.349633703	Fabp4
1.529762996	1448890_at	1.529762996	7.288212664	2.325949636	0.047702913	0.363924138	-4.496507824	Klf2
1.533562929	1421835_at	1.533562929	6.456692188	5.685738989	0.000421681	0.036980425	0.341507903	Mtap7
1.540687709	1452389_at	1.540687709	7.320119146	3.082808225	0.014604948	0.230119474	-3.314908417	Cd27
1.542973973	1423091_a_at	1.542973973	2.71788486	5.759811707	0.000386577	0.034986773	0.431140364	Gpm6b
1.544097167	1416697_at	1.544097167	4.654367293	1.897516865	0.093421234	0.471171125	-5.140282217	Dpp4
1.547924189	1419569_a_at	1.547924189	8.203701289	0.764489652	0.465997603	0.798399346	-6.477148175	Isg20
1.578709868	1419209_at	1.578709868	4.582580285	0.800591761	0.445935189	0.787276028	-6.448048408	Cxcl1
1.581928254	1449363_at	1.581928254	7.088864069	1.182283302	0.270230217	0.675625146	-6.075468124	Atf3
1.595390875	1427005_at	1.595390875	4.725218181	1.836555749	0.102672742	0.484004083	-5.228312253	Plk2
1.597693643	1423231_at	1.597693643	5.17713548	2.682990674	0.027186664	0.303901482	-3.940875084	Nrgn
1.600898626	1427329_a_at	1.600898626	9.290756124	2.770687519	0.023698288	0.289836469	-3.803450996	Ighm
1.601922989	1418240_at	1.601922989	7.455493791	1.075183482	0.31289914	0.703183944	-6.191150591	Gbp2
1.611678127	1416514_a_at	1.611678127	9.186700839	1.211772142	0.259349114	0.666303962	-6.042245975	Fscn1
1.616535484	1435906_x_at	1.616535484	7.958975874	1.032920428	0.331132475	0.71734313	-6.234546073	Gbp2
1.618330512	1423904_a_at	1.618330512	4.697737739	6.588160048	0.00015335	0.018857074	1.380240434	Pvr
1.619714142	1423555_a_at	1.619714142	8.276288076	0.58516965	0.574175063	0.850218498	-6.603976007	Ifi44
1.626037568	1420591_at	1.626037568	9.047015099	2.187656903	0.059321345	0.394362105	-4.708175533	Gpr84
1.628192546	1417160_s_at	1.628192546	2.693007241	3.137271294	0.013434392	0.222197766	-3.230030526	Wfdc18
1.643238613	1428230_at	1.643238613	8.522792894	8.286168952	2.92E-05	0.007035541	3.051200811	Prkd3
1.644892254	1420544_at	1.644892254	3.407241195	3.34929176	0.009734585	0.194228148	-2.901493922	Gcet2
1.646367273	1420664_s_at	1.646367273	6.176326313	3.437254525	0.008530034	0.18381005	-2.766269725	Procr
1.651772977	1449818_at	1.651772977	5.167474293	4.677258215	0.001484479	0.07430934	-0.96074724	Abcb4
1.651788276	1437302_at	1.651788276	5.57604235	2.47425656	0.037753242	0.337897494	-4.266867196	Adrb2
1.669693367	1418489_a_at	1.669693367	5.97577708	4.210276968	0.002794128	0.102964053	-1.615872172	Calcrl
1.670222034	1452487_x_at	1.670222034	6.128558558	4.526733516	0.001813796	0.081000802	-1.168368896	NA
1.674368305	1428374_at	1.674368305	7.440243299	12.12907666	1.60E-06	0.001002501	5.818016532	Glce
1.674774427	1425934_a_at	1.674774427	5.578173647	7.19104499	8.23E-05	0.012754996	2.01307298	B4galt4
1.679054897	1436026_at	1.679054897	5.63543807	4.535247283	0.001793198	0.080822511	-1.156534586	Zfp703
1.679089351	1422924_at	1.679089351	3.990418437	3.221272328	0.011817527	0.21322437	-3.099474062	Tnfsf9
1.688719279	1421008_at	1.688719279	6.000322889	0.605220954	0.56139946	0.845725468	-6.59130713	Rsad2
1.727785182	1426562_a_at	1.727785182	2.780157116	5.31899274	0.000655539	0.04815658	-0.114267077	Olfm1
1.72900925	1418930_at	1.72900925	9.213015631	0.668993551	0.521879673	0.827496172	-6.548443252	Cxcl10
1.773667201	1455106_a_at	1.773667201	5.701500793	3.887515212	0.004407542	0.13476357	-2.087005576	Ckb
1.776843652	1436970_a_at	1.776843652	7.952034112	5.915887143	0.000322642	0.030417064	0.617381823	Pdgfrb
1.779991856	1418809_at	1.779991856	9.662829116	2.45201289	0.039100749	0.341398154	-4.301445056	NA
1.807153289	1436058_at	1.807153289	7.730349519	0.669481143	0.521584176	0.827496172	-6.54810065	Rsad2
1.821338001	1455602_x_at	1.821338001	8.352619314	3.868442866	0.00452999	0.135576127	-2.115284523	Kansl1l
1.848552172	1418939_at	1.848552172	5.974199939	5.176861019	0.000781665	0.052567537	-0.296338448	Hlx
1.852032214	1428027_at	1.852032214	2.898212096	2.888064828	0.019735464	0.266456233	-3.61947064	NA
1.856335932	1437067_at	1.856335932	9.792889615	9.902106466	7.65E-06	0.003203953	4.359420275	Phtf2
1.85892628	1427891_at	1.85892628	6.295712897	1.417744084	0.193115233	0.602347016	-5.795275958	Gimap6
1.867601424	1427119_at	1.867601424	2.724064282	3.64403734	0.006277422	0.160308063	-2.451426156	Spink4
1.890361854	1424050_s_at	1.890361854	5.360193213	3.48287073	0.007968315	0.176112	-2.69643288	Fgfr1
1.900300097	1448303_at	1.900300097	8.316003552	1.491047907	0.173367902	0.577687797	-5.701675684	Gpnmb
1.901192313	1419758_at	1.901192313	2.735261245	3.385210467	0.009222367	0.188193986	-2.846191147	Abcb1a
1.911881362	1423753_at	1.911881362	6.596306608	6.169095284	0.000242226	0.024560554	0.912092983	Bambi
1.935565739	1450513_at	1.935565739	6.669611733	1.587217467	0.150194326	0.552771873	-5.574898378	Cd33
1.936820001	1416111_at	1.936820001	5.541821214	1.136152076	0.287995987	0.684618323	-6.126273125	Cd83
1.943058643	1451584_at	1.943058643	7.465864242	6.400986	0.000187599	0.021634806	1.174106672	Havcr2
1.945577924	1460407_at	1.945577924	5.877268245	2.201147174	0.058074601	0.390141308	-4.687657975	Spib
1.961741102	1424763_at	1.961741102	3.599733713	2.93084862	0.018467019	0.26007199	-3.55245519	Rsph9
1.969263757	1423584_at	1.969263757	8.873952483	6.319314815	0.000205115	0.022528846	1.082672994	NA
1.97277566	1449153_at	1.97277566	8.558393691	1.855918823	0.099643945	0.478706965	-5.200474402	Mmp12
1.976790307	1418752_at	1.976790307	3.805140394	3.659878562	0.006133111	0.157690642	-2.427499045	Aldh3a1
2.001801345	1452757_s_at	2.001801345	7.302479965	2.715145001	0.025850314	0.300300393	-3.89050267	NA
2.025034715	1460415_a_at	2.025034715	6.591197862	1.376779376	0.204987066	0.612123759	-5.846350325	Cd40
2.043751492	1437279_x_at	2.043751492	4.86027692	1.887341494	0.094908316	0.472731416	-5.155053581	Sdc1
2.0564457	1436213_a_at	2.0564457	5.42455712	5.930998141	0.000317097	0.030145503	0.635226303	Kansl1l
2.090765103	1425911_a_at	2.090765103	3.591993718	4.334476081	0.002354145	0.094675309	-1.438487413	Fgfr1
2.090884372	1425575_at	2.090884372	2.951129847	3.556632905	0.007141242	0.1693687	-2.583952212	Epha3
2.09583743	1449799_s_at	2.09583743	3.220276376	4.910098195	0.001095997	0.064578184	-0.646361434	Pkp2
2.108713349	1427351_s_at	2.108713349	9.046677384	2.67671666	0.027455545	0.303901482	-3.950701017	Ighm
2.136768912	1421009_at	2.136768912	6.103891137	0.738060929	0.481057762	0.805973482	-6.497713362	Rsad2
2.168964681	1417184_s_at	2.168964681	8.888030282	3.493290124	0.007845582	0.176112	-2.680510186	NA
2.173510109	1426004_a_at	2.173510109	6.831271865	1.855373675	0.099728048	0.478841649	-5.20125975	Tgm2
2.174274236	1417262_at	2.174274236	4.82337822	1.117025437	0.29563229	0.690486252	-6.146908972	Ptgs2
2.183673563	1419365_at	2.183673563	3.220008484	7.448299895	6.39E-05	0.011652931	2.269322165	Pex11a
2.207755964	1425814_a_at	2.207755964	10.11376924	9.493100835	1.05E-05	0.003507048	4.05073959	Calcrl
2.225502444	1455900_x_at	2.225502444	9.869205468	1.743312275	0.118511565	0.51338875	-5.360636231	Tgm2
2.232186585	1437277_x_at	2.232186585	9.453380476	1.708716588	0.124948137	0.523452959	-5.408951423	Tgm2
2.235148712	1433428_x_at	2.235148712	9.944070622	1.731004229	0.120765315	0.515943358	-5.377875978	Tgm2
2.236311615	1431890_a_at	2.236311615	5.412870125	9.167042249	1.37E-05	0.00418714	3.794238562	Mllt3
2.250766624	1421173_at	2.250766624	3.716845997	2.436128257	0.040092575	0.345215124	-4.326111852	Irf4
2.280961058	1449473_s_at	2.280961058	6.143580859	1.476334818	0.17718187	0.582447613	-5.720681697	Cd40
2.290658535	1448754_at	2.290658535	5.505914184	4.71836704	0.001406245	0.073782522	-0.904641167	Rbp1
2.291029643	1423166_at	2.291029643	4.234657803	2.307169271	0.049137152	0.369361195	-4.525412707	Cd36
2.299814863	1417500_a_at	2.299814863	8.90709598	1.893067422	0.094068748	0.471710139	-5.146745101	Tgm2
2.308032081	1422427_a_at	2.308032081	2.870874501	5.195453114	0.000763755	0.052050384	-0.272347676	Svs2
2.315028272	1420805_at	2.315028272	8.844037725	7.493074864	6.11E-05	0.011340176	2.31311504	Myl10
2.325501074	1423466_at	2.325501074	6.740728671	1.709106838	0.124873756	0.523414894	-5.408408906	Ccr7
2.347104934	1417925_at	2.347104934	5.568895152	2.527176081	0.03473268	0.328302653	-4.184450709	Ccl22
2.437902773	1419538_at	2.437902773	6.850156865	6.788598885	0.000124133	0.016919493	1.595815747	Flt3
2.446879057	1438365_x_at	2.446879057	7.552494887	6.524321852	0.000164188	0.019760254	1.310465373	Laptm4b
2.489501704	1420842_at	2.489501704	2.931364376	5.477373755	0.000540597	0.042767675	0.085026479	Ptprf
2.547595747	1416148_at	2.547595747	6.415767812	7.32756883	7.19E-05	0.012136424	2.150054566	Laptm4b
2.570469717	1419103_a_at	2.570469717	4.122823752	15.43450074	2.38E-07	0.00022463	7.450386957	Abhd6
2.691704096	1449124_at	2.691704096	4.574839968	2.465963101	0.038250096	0.339270857	-4.27976419	Rgl1
2.734187004	1436915_x_at	2.734187004	7.243787688	4.713150721	0.00141592	0.073817051	-0.911746276	Laptm4b
2.767322803	1417256_at	2.767322803	6.116793123	1.821116736	0.105149862	0.487724638	-5.250423302	Mmp13
2.972180006	1425784_a_at	2.972180006	5.857225043	6.151578885	0.000247014	0.024729811	0.89199766	Olfm1
2.973409748	1449984_at	2.973409748	6.071867316	1.278830972	0.235949003	0.645045611	-5.96462035	Cxcl2
2.978705346	1419605_at	2.978705346	7.686587851	13.10623957	8.69E-07	0.000614407	6.357731578	Clec10a
3.000455515	1455626_at	3.000455515	10.76527142	21.89678716	1.44E-08	2.04E-05	9.497559276	Hoxa9
3.047727965	1455796_x_at	3.047727965	6.031493406	8.392557638	2.66E-05	0.006624069	3.145039754	Olfm1
3.079152048	1417597_at	3.079152048	6.319127268	9.699834214	8.95E-06	0.003490988	4.208534559	Cd28
3.177760149	1450883_a_at	3.177760149	6.558904281	2.285389157	0.050854298	0.375968426	-4.558876378	Cd36
3.331024077	1419665_a_at	3.331024077	9.660519534	3.699721463	0.005785516	0.153173501	-2.367447817	Nupr1
3.354868941	1419666_x_at	3.354868941	8.698346165	3.883736403	0.004431519	0.135131454	-2.092604748	Nupr1
3.499830694	1416193_at	3.499830694	6.764234133	11.67988137	2.14E-06	0.001210923	5.551046605	Car1
3.548466734	1419192_at	3.548466734	6.837166329	3.407333214	0.008921091	0.187243609	-2.812187468	NA
3.574544908	1420843_at	3.574544908	3.388416366	4.929714618	0.001068721	0.063970583	-0.620252548	Ptprf
3.628570313	1420370_s_at	3.628570313	3.311053912	7.641483269	5.30E-05	0.010905245	2.456594111	Csn2
3.667203338	1421193_a_at	3.667203338	6.65405578	23.68077418	7.64E-09	1.44E-05	9.890217184	Pbx3
3.764343797	1437025_at	3.764343797	4.323085388	20.10695346	2.86E-08	3.24E-05	9.040965883	Cd28
3.814686925	1449499_at	3.814686925	4.76171039	9.515146327	1.04E-05	0.003507048	4.067742153	Hoxa7
4.003224068	1419014_at	4.003224068	3.85052566	9.496567238	1.05E-05	0.003507048	4.053415857	Rhag
4.195987071	1421579_at	4.195987071	5.547776511	22.08163132	1.35E-08	2.04E-05	9.540945788	Hoxa9
5.01954003	1448926_at	5.01954003	6.702310471	20.64496901	2.32E-08	2.91E-05	9.185518728	Hoxa5
5.048948271	1418221_at	5.048948271	3.786112467	14.54991819	3.81E-07	0.000331331	7.064166031	Csn1s2b
5.758555781	1460480_at	5.758555781	4.021049068	32.69118736	5.57E-10	4.79E-06	11.22624083	Erv3
6.750384956	1420369_a_at	6.750384956	4.351658793	25.45172343	4.26E-09	9.64E-06	10.22843899	Csn2
6.790997389	1427242_at	6.790997389	4.37545821	31.05086336	8.47E-10	4.79E-06	11.0432023	Ddx4
7.429456906	1416325_at	7.429456906	7.152884799	27.96353025	1.98E-09	5.61E-06	10.63562676	Crisp1
7.445064789	1449838_at	7.445064789	4.583218737	28.53737067	1.68E-09	5.61E-06	10.71841483	Crisp3
