ID	logFC	AveExpr	t	P.Value	adj.P.Val	B	gene.symbols3
435	1416325_at	8.81028783487512	7.15288479902687	33.1608021326635	4.95693915218866e-10	3.14938830283275e-06	10.4018158197424	Crisp1
11227	1460480_at	5.75855578090629	4.02104906799476	32.6911873632087	5.56773323226862e-10	3.14938830283275e-06	10.3631349384404	Erv3
5748	1427242_at	6.79099738874216	4.37545820999099	31.0508633584759	8.46711201116321e-10	3.19294793940965e-06	10.2170995230312	Ddx4
8984	1449838_at	7.44506478923223	4.58321873743674	28.5373706659376	1.68246465721902e-09	4.75843066677969e-06	9.95513228280477	Crisp3
2449	1420369_a_at	6.75038495620201	4.35165879309333	25.4517234313778	4.26057791208328e-09	9.63998358387963e-06	9.55335520435847	Csn2
2911	1421579_at	3.14083631617088	5.54777651068303	16.5288377639482	1.38010745412419e-07	0.000260219260475115	7.5380626102595	Hoxa9
1639	1418221_at	5.04894827067217	3.7861124673469	14.5499181904635	3.80739015895867e-07	0.000577671863852213	6.80107837971777	Csn1s2b
8626	1448926_at	3.50633037168886	6.70231047139041	14.4212580131075	4.08501273828136e-07	0.000577671863852213	6.74766341255069	Hoxa5
10817	1455626_at	1.85734695693879	10.7652714245264	13.5545855621073	6.66729289277293e-07	0.000838078716621557	6.36798135723289	Hoxa9
2052	1419103_a_at	2.2230770806285	4.12282375222071	13.3485660639072	7.52269917829222e-07	0.000851042958040199	6.27235701254168	Abhd6
2244	1419524_at	-1.989038607004	11.750373004285	-12.4530102668608	1.29794093732411e-06	0.00130877482238615	5.83050190138061	Tph1
2809	1421193_a_at	1.90130799763912	6.65405578028494	12.2775971746135	1.45033171552309e-06	0.00130877482238615	5.73867123510185	Pbx3
2283	1419605_at	2.77745308690218	7.68658785080064	12.2207339497878	1.5039399532414e-06	0.00130877482238615	5.70851160861183	Clec10a
5106	1426175_a_at	-2.45408399155471	11.3609220931677	-11.8689015692956	1.88914234447499e-06	0.00152656195307468	5.51752820297998	Tpsab1
6160	1428374_at	1.60976674373307	7.44024329922355	11.66110477362	2.16773573948385e-06	0.00163490629471872	5.40108868887206	Glce
6101	1428229_at	1.31313494882814	8.88485634355027	11.2513887846525	2.86187410413943e-06	0.00202352385875808	5.16320828560197	Prkd3
7545	1437025_at	1.91193072581056	4.32308538827932	10.2124312217148	6.03942129480568e-06	0.0040190572416551	4.50653415308901	Cd28
5846	1427482_a_at	-4.514603527456	7.48460336497453	-9.91084963644125	7.59533969378929e-06	0.00477367099754657	4.30029017720915	Car8
3059	1422000_at	-1.62450950341026	9.33308487702627	-9.62220728271203	9.51269337059742e-06	0.00566405790008256	4.09576517992195	Akr1c12
2950	1421775_at	-1.03566571007526	12.6580934795625	-9.39713152178757	1.13837583709311e-05	0.0064392229225172	3.93124313286551	Fcer1a
5653	1427050_at	1.06887329486504	4.85816187568102	9.15373714373301	1.38808620308924e-05	0.00747781867407074	3.74817057857641	Txndc16
8049	1441350_at	-2.39798899123364	6.65141792139109	-9.03095012290957	1.53674227767778e-05	0.00790234790334942	3.65371863329093	Fgf3
2725	1420994_at	-1.34212944525317	8.23599157739447	-8.81555803174826	1.84219693298662e-05	0.00906120604472942	3.48453559498915	B3gnt5
3110	1422180_a_at	-2.54075832562535	9.55321985697658	-8.55329198286365	2.30879941758604e-05	0.0108831032546462	3.27233723565909	Tpsb2
7556	1437067_at	1.57641517212917	9.79288961518551	8.40894721932438	2.62064390706967e-05	0.0118589378082717	3.15255264470923	Phtf2
2881	1421441_at	-1.47188859852184	7.83765777463265	-8.2451505327752	3.03237699182756e-05	0.0131528682873124	3.01397465134372	Angpt1
5119	1426215_at	-4.21719518196341	6.21791226614582	-8.20670312184467	3.13910937644686e-05	0.0131528682873124	2.98103112343049	Ddc
321	1416148_at	2.81310544199971	6.4157678117941	8.09124594264312	3.48549186267503e-05	0.0140251138135315	2.88113703048879	Laptm4b
535	1416468_at	-1.99091627616788	6.86490602579959	-8.05730385184668	3.59522938736334e-05	0.0140251138135315	2.85149217957867	Aldh1a1
5905	1427755_at	-3.48049326189594	5.69838097912907	-8.00388829692627	3.77576533415292e-05	0.0142384110750906	2.80458088600059	Mcpt-ps1
2011	1419014_at	3.29405607281297	3.85052566024336	7.81425781941249	4.50265702045426e-05	0.0159182996476247	2.6354531773024	Rhag
6609	1431890_a_at	1.88050942821076	5.41287012528353	7.70854529401325	4.97431011911222e-05	0.0170528395083383	2.53938638811587	Mllt3
2450	1420370_s_at	3.62857031262183	3.31105391189994	7.64148326885672	5.30176344721657e-05	0.017640838199518	2.47776944964508	Csn2
1064	1417266_at	-1.57964632291596	12.8897466386909	-7.56916692779339	5.68185659745369e-05	0.0179162875209212	2.41073138383748	Ccl6
9662	1451339_at	-1.5727871299563	6.87932036646671	-7.54222577405399	5.83109027956246e-05	0.0179162875209212	2.38559789638933	Suox
3101	1422136_at	-1.16232763581719	5.22932356826953	-7.5371562293922	5.85965383429759e-05	0.0179162875209212	2.38085882000283	Uhmk1
2521	1420569_at	-1.58516547074514	4.54908917451654	-7.50640144699341	6.03629081692096e-05	0.0179706731610071	2.35204291134273	Chad
5019	1425934_a_at	1.71959712089319	5.57817364709847	7.38350195887185	6.80335663352948e-05	0.0189240493265191	2.23575242898117	B4galt4
8278	1448377_at	1.21700036657412	11.400426221459	7.36879304588492	6.90216797894172e-05	0.0189240493265191	2.22171141748157	Slpi
6102	1428230_at	1.44977112509574	8.52279289373383	7.31059286771927	7.30900502785605e-05	0.0189240493265191	2.16589350304479	Prkd3
925	1417073_a_at	1.19436893512144	9.5800604589223	7.30722089327954	7.33337597249275e-05	0.0189240493265191	2.16264675884637	Qk
10848	1455796_x_at	2.63625767269442	6.03149340580895	7.25948796071812	7.68817950940938e-05	0.0190428832973691	2.11653546581738	Olfm1
4305	1424367_a_at	-1.76467523734544	7.43003795845359	-7.25232231309594	7.74306224413488e-05	0.0190428832973691	2.10958882410986	Homer2
355	1416193_at	2.16046986762341	6.76423413265105	7.21007213238721	8.07559907564973e-05	0.0193094121472858	2.06849966453219	Car1
8688	1449036_at	-1.14434190150774	9.52763112802336	-7.19563742129462	8.19280282038112e-05	0.0193094121472858	2.05441039952414	Rnf128
8888	1449456_a_at	-1.40653352581337	12.9368096242892	-7.10679746868085	8.95687285532386e-05	0.0202658205224558	1.96711825682611	Cma1
1070	1417277_at	1.05830698695233	8.22663533941762	7.04914898942299	9.49465953989089e-05	0.0210613888970168	1.90993782341967	Cyp4f16
2067	1419136_at	-2.86772601373005	10.0997335609353	-7.01316760498074	9.84834688527038e-05	0.0214258362140507	1.87403276406435	Akr1c18
2793	1421142_s_at	1.04452946720168	7.19585233022335	6.89030932101226	0.000111701638593592	0.0238430308945153	1.75017231562873	Foxp1
7575	1437171_x_at	1.2051848062478	10.5653240144408	6.74956906856697	0.000129302493704612	0.0265963474778232	1.60584997648933	Gsn
8899	1449499_at	2.65670517848965	4.7617103902456	6.62674002362178	0.000147183902674488	0.0292121314202892	1.47773308770677	Hoxa7
3135	1422352_at	-2.9991378443987	5.44755915096601	-6.55787428353974	0.000158390427643025	0.0298645151320923	1.40500806929766	Mcpt1
2171	1419365_at	1.90176103694513	3.22000848372297	6.48672346169032	0.000170964961061125	0.0317069935161394	1.32918703644147	Pex11a
4985	1425814_a_at	1.48272412329317	10.1137692363225	6.37554595735163	0.000192872331252478	0.0338044715517377	1.20930756180527	Calcrl
9890	1451789_a_at	1.08508784309941	6.35256041088182	6.36839401199665	0.000194383905662109	0.0338044715517377	1.201536722525	Ryk
8858	1449380_at	1.12719665660033	2.67959070326505	6.35516129383396	0.00019721516153228	0.0338044715517377	1.18713996864677	Pacsin1
5826	1427433_s_at	1.33749861607193	2.54736334638331	6.30429614218177	0.000208528437875547	0.0352101823535233	1.13157077309517	Hoxa3
2978	1421836_at	1.19037466906799	7.81351057487483	6.26406694002875	0.000217982323975856	0.0362652063402773	1.0873619620481	Mtap7
3996	1423904_a_at	1.5198333870341	4.69773773858534	6.18718211580967	0.000237389673085423	0.037734007676355	1.00223030033654	Pvr
3781	1423606_at	1.49454938902304	2.59971360403368	6.18366772869024	0.0002383210951122	0.037734007676355	0.998318737686517	Postn
4975	1425784_a_at	2.98490710650768	5.85722504269256	6.17792041319172	0.00023985298324098	0.037734007676355	0.991918073120778	Olfm1
8644	1448954_at	-2.06094315610208	5.17994477096266	-6.12687515434612	0.000253943669519013	0.0393543114146382	0.934861458298903	Nrip3
10819	1455642_a_at	1.51932501568754	3.08776986136005	6.03881031836262	0.000280441268825258	0.0428734064083803	0.83553934754415	Tspan17
7823	1438365_x_at	2.25982813177487	7.55249488666833	6.02557205220211	0.000284680822190045	0.042911138691927	0.820511265791619	Laptm4b
9313	1450753_at	-2.58713420851936	7.48340890348783	-5.95196373004267	0.000309575574310809	0.0437778559022272	0.736482991629859	Nkg7
6947	1434272_at	1.09916081951017	7.497827241444	5.80180313610255	0.000368108993150763	0.0495763933275545	0.562584819970458	Cpeb2
2479	1420464_s_at	1.44309953300322	10.576546410022	5.75173573573651	0.000390244138601817	0.0513012204190409	0.50385568061331	NA
5031	1425967_a_at	-2.59434869147172	7.96865915455773	-5.74767102392625	0.000392104209724515	0.0513012204190409	0.499071263288286	Mcpt4
266	1416072_at	1.32259259847871	11.2293493232802	5.74242309701127	0.000394520125206096	0.0513012204190409	0.492890456043218	Cd34
9031	1449989_at	-4.99501634399668	8.14139407946184	-5.67387300723566	0.000427622037352655	0.0543560461637145	0.411773736634109	Mcpt2
3487	1423091_a_at	1.51186725679256	2.71788485956758	5.64369255544282	0.000443150621500484	0.0557040331226109	0.375835455657012	Gpm6b
9804	1451584_at	1.70888984235946	7.46586424153284	5.62956758775182	0.000450629560046021	0.0560216726681389	0.358968286848134	Havcr2
2626	1420842_at	2.48950170432903	2.93136437580234	5.47737375508818	0.000540597318981903	0.0646445587292398	0.175298675359567	Ptprf
9234	1450545_a_at	-1.23495576077097	2.90354046815891	-5.47412434773845	0.000542720959146114	0.0646445587292398	0.171338583054149	Dntt
1685	1418318_at	-1.14347005697962	9.57660235076281	-5.473931258094	0.000542847439165365	0.0646445587292398	0.171103211277472	Rnf128
2247	1419532_at	1.69812378194999	6.03185306462109	5.4505411421302	0.000558409855356909	0.0646463477862226	0.142548793008812	Il1r2
2435	1420249_s_at	-1.63092470157134	10.9280790956876	-5.43920210265138	0.000566129214202947	0.0646463477862226	0.128675905541143	Ccl6
2977	1421835_at	1.45581749628094	6.45669218796333	5.39749503693222	0.000595542274835361	0.0660526446589454	0.0774783487776896	Mtap7
2251	1419538_at	1.93236838182904	6.85015686478825	5.38088474461123	0.000607717972671632	0.0667486740275163	0.0570135865873294	Flt3
2345	1419759_at	1.54239871635061	2.65624414109942	5.35912935265561	0.000624078391936605	0.0673647171818801	0.0301452468786563	Abcb1a
5332	1426562_a_at	1.73272615893992	2.7801571160005	5.3342035534326	0.000643416876970936	0.0684929656932298	-0.000728697377876841	Olfm1
3897	1423753_at	1.6347339763772	6.59630660819355	5.27481980079848	0.00069217890310024	0.0697886901149128	-0.0746718527193435	Bambi
7439	1436570_at	1.60516788880347	9.34980741458755	5.26196882929848	0.000703253838336433	0.0697886901149128	-0.0907457012568624	Pag1
5133	1426236_a_at	1.03909701430493	10.1514014078951	5.23760218477759	0.000724787761242076	0.0713002081994052	-0.121293813702371	Glul
2191	1419402_at	-1.39609726920222	8.86117507950314	-5.2008727535127	0.000758619078524396	0.0738492631742271	-0.167515850844175	Mns1
3141	1422427_a_at	2.30803208121918	2.87087450143239	5.1954531138641	0.000763755307291132	0.0738492631742271	-0.174353998372091	Svs2
7528	1436970_a_at	1.53935442813195	7.95203411242544	5.12518198090462	0.000833899751215825	0.0783877747537901	-0.263433047441719	Pdgfrb
7535	1436991_x_at	1.08710726876107	9.8952226149371	5.12224764087966	0.000836977702256594	0.0783877747537901	-0.267169554381641	Gsn
10253	1452487_x_at	1.86962946005481	6.12855855781974	5.06717919366823	0.000897098764254372	0.0825112058537375	-0.337542286357206	NA
10360	1452716_at	1.1773727063282	8.68989242175486	4.99387198732945	0.000984545887803382	0.0868975231437636	-0.431960253896351	5730469M10Rik
977	1417148_at	1.09236253641042	2.88502806601741	4.98693578433888	0.00099328857574173	0.0868975231437636	-0.44093758745223	Pdgfrb
4652	1424970_at	-1.16901052852637	4.87307188948194	-4.98503828970991	0.000995694952023784	0.0868975231437636	-0.443394777237664	Purg
5631	1427009_at	-1.06315499052564	5.39875946666044	-4.98067726072688	0.00100124962957535	0.0868975231437636	-0.449044300867905	Lama5
7383	1436213_a_at	1.72437948688674	5.42455712043677	4.97328547528672	0.00101074177710393	0.0868975231437636	-0.45862685678796	Kansl1l
5874	1427628_at	-1.92232947712045	3.8390304573931	-4.97150019855582	0.00101304898874269	0.0868975231437636	-0.460942538208802	Trbv13-2
8434	1448613_at	-1.10109929706062	7.21251722245516	-4.96843647295186	0.00101702177713714	0.0868975231437636	-0.464917661097399	Ecm1
8698	1449047_at	1.23153333591965	7.06764094529734	4.96492129653357	0.00102160086432605	0.0868975231437636	-0.469480347806795	Hacl1
2627	1420843_at	3.57454490779779	3.38841636607201	4.92971461797359	0.00106872096086818	0.0889002958110417	-0.515285519489433	Ptprf
2944	1421744_at	1.45727080624072	5.88535933630142	4.89194661063464	0.00112191098346006	0.0926436420137492	-0.56463946338366	Tnfsf4
1270	1417597_at	1.54083687576803	6.31912726783687	4.85388899673777	0.0011784328392763	0.0945504305725732	-0.614598407287978	Cd28
7512	1436915_x_at	2.74093229768687	7.2437876878886	4.72477815706459	0.00139445244354421	0.108050962286408	-0.785777585097521	Laptm4b
6650	1432273_a_at	-2.00664730986144	6.45334737943179	-4.71218584381944	0.00141771721027873	0.108369154053266	-0.80261263344352	Darc
2679	1420923_at	-1.31334419737471	3.91891446295768	-4.66124127110551	0.00151622750614625	0.11435387851355	-0.870974951231114	Usp9x
10224	1452419_at	-1.05201600070211	7.08451183375539	-4.5521372338898	0.00175308024804783	0.128783096403669	-1.01874176792316	Heatr1
8645	1448956_at	1.12484552323934	7.08644247763695	4.47054649684865	0.00195631846274096	0.139193904207475	-1.13045112446207	Stard10
2681	1420930_s_at	1.27524119454439	5.82619453589055	4.43572270001583	0.00205069700764106	0.14499709529652	-1.17844195652948	Ctnnal1
4780	1425281_a_at	1.25522024543029	7.21133822348355	4.42522058680516	0.0020801162734077	0.145231551256701	-1.19295145027547	Tsc22d3
10726	1455106_a_at	2.0041538937565	5.70150079337045	4.39269483424927	0.00217415848640401	0.149068211858719	-1.23799527108212	Ckb
1979	1418939_at	1.54897941192301	5.97419993909725	4.3379090181499	0.00234309774620211	0.157782528588003	-1.31423030415938	Hlx
494	1416402_at	1.26190151510433	6.7136738039934	4.31825670556588	0.00240710496923625	0.15963885904195	-1.34168747520405	Abcb10
4630	1424917_a_at	1.17033213836912	5.64923619067712	4.2686238452942	0.0025773030660319	0.168648006911008	-1.41129064688248	Wipi1
1250	1417565_at	1.04912803220636	7.88353131747993	4.24695692450061	0.00265562816056364	0.171025741836292	-1.44179114880391	Abhd5
2519	1420563_at	-2.180932490221	4.6626161200166	-4.24557695706764	0.00266070278115331	0.171025741836292	-1.44373609863031	Gria3
8377	1448530_at	1.20940609531113	8.17792179442619	4.19696826116348	0.00284628502369058	0.181921030920969	-1.51242637677515	Gmpr
9322	1450780_s_at	-1.49795373990647	5.2944796845287	-4.1603702449393	0.00299519000624175	0.188581809243914	-1.56437415374245	Hmga2
8977	1449799_s_at	1.76318134736372	3.22027637600126	4.13075624430622	0.00312181026541566	0.191940432242648	-1.6065522342102	Pkp2
2595	1420772_a_at	1.1722268854056	6.97809743167203	4.10941859757297	0.00321660361384571	0.195642132706648	-1.6370216686249	Tsc22d3
9541	1451160_s_at	1.27397368921242	6.29574056065311	4.09718985378433	0.0032723201422768	0.195884184764014	-1.65451359195624	Pvr
10613	1454699_at	1.17370513955215	9.26695925197138	4.07350166834983	0.00338321780217025	0.197290427814186	-1.68845828229957	Sesn1
768	1416832_at	-1.41037314717687	4.77770910581186	-4.05182151668808	0.00348825473055266	0.199550321067763	-1.71959595157513	Slc39a8
8721	1449084_s_at	1.36266989796785	6.80484916368708	4.02852607397758	0.00360502858308981	0.202380860633546	-1.75312812284752	Sh3d19
9386	1450905_at	1.03122868488283	8.49520854367512	4.02703320725701	0.0036126535174455	0.202380860633546	-1.75527962310208	Plxnc1
9153	1450297_at	-2.1880649352874	10.7106713917878	-3.98160511342558	0.00385314879496991	0.207574630083308	-1.82090000066778	Il6
10201	1452381_at	-1.13292661065767	6.29935173265646	-3.9551768430759	0.00400090586590624	0.21065463962439	-1.85920795824855	Creb3l2
7359	1436026_at	1.46134924246474	5.63543807005578	3.94720875006573	0.0040466359697911	0.21065463962439	-1.8707767365339	Zfp703
3766	1423584_at	1.21839569601679	8.87395248304884	3.90979925681456	0.00426894002210787	0.216327420851178	-1.92520767527435	NA
4836	1425450_at	1.50664757766006	2.60374633357935	3.8655395840341	0.00454894612175166	0.222780205521111	-1.98985110783695	Chi3l4
2601	1420805_at	1.19321956653622	8.84403772478835	3.8621055514677	0.00457147719608228	0.222918627238271	-1.99487768265272	Myl10
9323	1450781_at	-2.28575627403681	4.23485329942959	-3.85083251188307	0.00464628279534241	0.22559397967257	-2.01138967416465	Hmga2
10683	1454959_s_at	-1.6361695501821	6.62895890483054	-3.79297757210174	0.00505132034095347	0.233226732080697	-2.09639548171137	Gnai1
9378	1450896_at	1.05360420355442	4.56168521525554	3.78019124837479	0.00514582221570358	0.235686990794553	-2.11524117805286	Arhgap5
4611	1424882_a_at	-1.40312493819793	9.10696954009575	-3.77165537810162	0.00520995776955439	0.236707840349272	-2.12783386633691	Nt5dc2
2290	1419627_s_at	1.55942382309377	9.14752776102618	3.76595107913541	0.00525329255638866	0.237721994761699	-2.13625443564344	Clec4n
8880	1449442_at	1.1148081065378	4.90673286945507	3.74400032872177	0.00542366685682364	0.240619384906846	-2.16869634824203	Pex11a
9542	1451161_a_at	1.99969444233213	8.49349344132434	3.72264571785806	0.00559507295886888	0.245794463782848	-2.20031561162779	Emr1
5568	1426910_at	1.28440950986123	6.56775900039663	3.71871804744125	0.00562722232120194	0.245794463782848	-2.20613743977648	Pawr
5104	1426165_a_at	-1.05369601990233	8.95594986039368	-3.6986806455802	0.00579432442802552	0.248750732221811	-2.23586790915639	Casp3
2625	1420841_at	1.48671208243744	2.59711986170906	3.69858946725733	0.00579509677078562	0.248750732221811	-2.23600330838906	Ptprf
5007	1425911_a_at	1.77480691104934	3.59199371795532	3.67944638691511	0.00595970278952376	0.251175049134082	-2.26445326594371	Fgfr1
1900	1418752_at	1.97140773114302	3.8051403936204	3.6499131274788	0.00622347764895161	0.254356471365032	-2.30843225652959	Aldh3a1
5693	1427119_at	1.86760142367715	2.72406428225172	3.64403733983784	0.00627742170096537	0.254356471365032	-2.3171946061882	Spink4
6449	1430297_a_at	1.36079105892821	6.16740877004901	3.64220228846704	0.00629437046152237	0.254356471365032	-2.31993199635238	Aplf
7898	1438686_at	-1.20051108989426	6.68345427257605	-3.64141797463701	0.00630162930573915	0.254356471365032	-2.32110209849175	Eif4g1
5596	1426955_at	-2.0422856052791	4.17645350133055	-3.63989417075413	0.00631575758637049	0.254356471365032	-2.32337564039853	Col18a1
7242	1435382_at	1.1754376414944	5.43912423459104	3.63966564704798	0.00631787929404878	0.254356471365032	-2.32371662556467	Ndn
3574	1423214_at	1.28670782741921	5.94187347525293	3.61032168741174	0.00659671265669689	0.25657510659715	-2.36755265500277	Plxnc1
8533	1448754_at	1.75144477689853	5.50591418385884	3.60767839573143	0.00662246363708723	0.25657510659715	-2.37150634665717	Rbp1
5848	1427484_at	1.12168606537692	3.41994851384287	3.5721388123704	0.00697924249467387	0.263281846392307	-2.42474291099487	Eml5
4900	1425575_at	2.09602481927815	2.95112984713711	3.56537689967124	0.00704940390244813	0.263281846392307	-2.4348882754702	Epha3
2955	1421802_at	1.44605577899935	5.42325395082869	3.55284365744138	0.00718143339859299	0.264636990352712	-2.45370640157917	Ear1
7848	1438478_a_at	1.18172457897895	6.82843285450239	3.53789495986253	0.00734234350987006	0.268815314327379	-2.47617419715892	Ppp3ca
3030	1421924_at	-1.34712538930451	5.86458809275763	-3.49034096799196	0.00788011629211827	0.280338854128094	-2.54781043604492	Slc2a3
4799	1425349_a_at	-1.18065967620818	5.43677892910235	-3.48696512959961	0.00791984494498052	0.280868983895187	-2.55290511586414	Myef2
1327	1417697_at	-1.51454185324822	6.18622474599224	-3.47642338053818	0.00804527534184466	0.282470210273508	-2.56882205704086	Soat1
10325	1452654_at	1.0365281158036	4.87959029994739	3.47295874452094	0.00808695639251852	0.282470210273508	-2.5740558481754	Zdhhc2
4938	1425678_a_at	1.36626007106529	6.37293104339839	3.47271983672746	0.00808983895771384	0.282470210273508	-2.57441679634505	Snrk
5026	1425951_a_at	1.59800657653943	9.37007271216213	3.46496682078325	0.00818397581429884	0.282865278560851	-2.58613348998952	Clec4n
9933	1451913_a_at	-1.2246182710671	6.51055939481294	-3.4127368850989	0.00884909165271277	0.293577049463752	-2.66522605183319	Hyou1
2896	1421492_at	1.14061746058541	3.56501045110176	3.40904404057608	0.00889822922146443	0.294137579836235	-2.67082853657848	Hpgds
334	1416168_at	-1.67064219739111	5.48724285983386	-3.39593455512157	0.0090750039894511	0.297198030041863	-2.69072797302347	Serpinf1
2344	1419758_at	1.90119231299638	2.73526124535813	3.38521046740125	0.00922236668799436	0.298093240975086	-2.70701890762749	Abcb1a
4255	1424302_at	1.13407984932448	9.23105871734742	3.33263939222117	0.00998214280988884	0.312819893651724	-2.78703627902407	Lilrb3
5626	1426998_at	1.07177581469239	8.31063943689258	3.31816951691285	0.0102026363818574	0.318846478972244	-2.8091048993854	Zfand3
2531	1420610_at	-1.01800333237151	7.94350095663159	-3.29386573376675	0.010584585862612	0.321284516573043	-2.84621303864897	Prkacb
3020	1421906_at	-1.40023700803189	6.20632585263826	-3.28055747049648	0.0108000756660132	0.321284516573043	-2.86655419265319	Med1
2478	1420463_at	-1.25364853399387	6.08306751520054	-3.27938864449798	0.0108192204578049	0.321284516573043	-2.86834141006117	Clnk
2657	1420893_a_at	-1.28224338394503	4.31802028696954	-3.27722948079859	0.0108546803141599	0.321284516573043	-2.87164322408053	Tgfbr1
9758	1451492_at	-1.33409529003683	5.601426276746	-3.26377760058336	0.0110783671151893	0.321284516573043	-2.89222267656535	Sla2
3372	1422851_at	-1.33100032071809	6.36051517322157	-3.23662551301394	0.0115447406544546	0.329088678535122	-2.93380622239033	Hmga2
982	1417160_s_at	1.6430205187585	2.69300724122965	3.16584246878089	0.0128599258945006	0.350187940881289	-3.04247551914135	Wfdc18
1740	1418416_x_at	1.53863666662048	2.83890357366819	3.16138792923001	0.0129477730586386	0.350187940881289	-3.04932636591365	Psg23
2434	1420191_s_at	1.083846192626	3.62741223076163	3.15871038716534	0.0130008782082685	0.350187940881289	-3.0534449362144	Tmem191c
10148	1452283_at	-1.20006734664305	4.64278835069289	-3.14783658863525	0.0132188961074099	0.352501165036292	-3.07017587991912	Rassf8
2309	1419666_x_at	2.7177663761347	8.69834616450761	3.14619986536325	0.0132520416735088	0.352501165036292	-3.07269490320518	Nupr1
4095	1424050_s_at	1.70705095572606	5.36019321310562	3.1451321324425	0.0132737113325785	0.352501165036292	-3.07433830882027	Fgfr1
2702	1420965_a_at	1.09186321890733	6.70811283468901	3.14008560170328	0.0133766331182077	0.354402460108393	-3.08210671140044	Enc1
7931	1438931_s_at	1.10733639072814	9.75885050919669	3.13574722704136	0.0134657790154646	0.355631614448452	-3.08878633759925	Sesn1
7287	1435635_at	-1.15805829262623	5.36490309157336	-3.13190238307776	0.0135453026044242	0.355631614448452	-3.09470710948433	Pcmtd1
8798	1449250_at	-1.16860881289683	4.73719604898924	-3.12160840202004	0.013760639290126	0.359524508751029	-3.11056370290066	Prcc
2072	1419157_at	-1.31529250243682	6.62805662355653	-3.09834287711522	0.0142605972693407	0.363356164207324	-3.14642548069584	Sox4
2068	1419148_at	-1.36140234916129	4.43864037446499	-3.0938211484795	0.0143599462713517	0.364246798582515	-3.15339909711485	Avil
5197	1426363_x_at	1.46790805234208	3.12243399875098	3.06732770458413	0.0149567327214313	0.367837945754734	-3.19428199913044	H2afy2
2308	1419665_a_at	2.76038106220711	9.66051953362758	3.06591631487909	0.0149892418450396	0.367837945754734	-3.19646105461078	Nupr1
5005	1425899_a_at	1.39060164115572	3.97468635942689	3.05247363968778	0.0153025868985363	0.371498209405882	-3.21722063548402	Itsn1
8981	1449818_at	1.07604463263845	5.16747429263645	3.04699172750628	0.0154323199313662	0.372079369960394	-3.22568908995039	Abcb4
6004	1428027_at	1.95259194012933	2.89821209593857	3.04487797973068	0.0154826485712058	0.372079369960394	-3.22895481724546	NA
7240	1435375_at	-1.1434942412607	9.31218040958611	-3.04124347701412	0.0155695864545319	0.372079369960394	-3.23457063020402	Fam105a
423	1416306_at	1.01393446334247	2.43950862880682	3.03234935745033	0.0157844848490712	0.372079369960394	-3.24831605965573	Clca3
5263	1426458_at	-1.05211324231471	6.02930055544836	-3.01301083196622	0.0162624555220884	0.378674791743004	-3.27821594015729	Slmap
4407	1424530_at	-1.4208875908506	5.60931696408132	-3.00710350850394	0.0164114424759138	0.378674791743004	-3.287352878985	Sec14l2
1652	1418237_s_at	-1.48286037249542	4.49744915452637	-3.00592707151226	0.0164412820675706	0.378674791743004	-3.28917267686172	Col18a1
1576	1418104_at	-1.09635480434202	3.83592464626812	-2.9999252302698	0.0165943949412979	0.379858968528911	-3.29845770781409	Nrip3
4544	1424763_at	1.99891011368835	3.59973371269153	2.98637926346476	0.0169454349040922	0.382938979464638	-3.31941940630927	Rsph9
1771	1418489_a_at	1.18084448107019	5.97577708045114	2.9776020082603	0.0171770042709148	0.387098504615257	-3.33300580744729	Calcrl
2515	1420544_at	1.45075908826623	3.40724119527897	2.95400227476581	0.0178160606951234	0.394748427896409	-3.3695508276166	Gcet2
2041	1419082_at	1.3099461387443	8.58344616252902	2.94531382221105	0.018057501279091	0.396159687001735	-3.38301028484512	Serpinb2
2566	1420664_s_at	1.40599330090292	6.1763263130587	2.93540628288535	0.0183369612872296	0.398934698158517	-3.39836136153922	Procr
9182	1450398_at	-1.01454414321046	4.44894276802078	-2.93148814635701	0.0184487122588188	0.399163627952339	-3.40443313202453	Kcnk5
8450	1448631_a_at	1.33414648984628	2.61228133250585	2.93033200314869	0.0184818217468267	0.399163627952339	-3.40622485060841	Hipk2
2932	1421685_at	1.34097090992813	4.3349704054886	2.92555064702875	0.018619404434752	0.399163627952339	-3.4136351362919	Clec4b1
519	1416441_at	1.14125025872079	5.58662306528846	2.91901911887393	0.0188090637666582	0.400733620784549	-3.42375900282542	Pgcp
6566	1431597_a_at	-1.19861161038312	4.26490919255225	-2.89677969658438	0.0194699697397963	0.401214546861357	-3.45823907859262	Nrip3
4753	1425206_a_at	-1.43260962816923	4.72433244798691	-2.88889157922368	0.0197101176822499	0.401214546861357	-3.47047190659242	Ube3a
9003	1449877_s_at	-1.72825341036139	6.35633523974941	-2.86918911404127	0.0203234084216891	0.405500387080368	-3.50103248337764	Kifc5b
10995	1456398_at	-1.13128412265588	9.4618306771111	-2.85126564941106	0.0208984390315877	0.410099022988548	-3.52884029485378	Tug1
10477	1453474_at	-1.687765079376	5.96695439284687	-2.84528389225617	0.0210940639088909	0.411569214046909	-3.5381220500377	Abhd15
6385	1429566_a_at	1.02037129350764	5.88046608472412	2.83391818420848	0.0214709828141859	0.415063745818484	-3.55575939294904	Hipk2
10198	1452375_at	1.47691911989338	4.87045951914389	2.82455982258917	0.0217865405340395	0.417796555364323	-3.57028296743638	Aldh4a1
11142	1460291_at	-2.34058407688616	5.26358061254286	-2.81574627619827	0.0220880966547273	0.418699565311649	-3.58396188690422	Cdk6
10847	1455792_x_at	1.1485213832429	3.22976938529807	2.80900773620802	0.0223215534754235	0.420006592112413	-3.59442080280809	Ndn
10813	1455602_x_at	1.31453557494628	8.35261931427189	2.79201650993566	0.0229215566476358	0.42703430891007	-3.62079433534408	Kansl1l
2091	1419192_at	2.90179962466132	6.83716632937316	2.78638606010775	0.023124021443962	0.42703430891007	-3.62953414300699	NA
4873	1425522_at	-1.07784095836625	3.27492790310923	-2.77215949897026	0.0236438246073382	0.431423528681962	-3.65161748853991	Rbm25
1918	1418809_at	1.99350005669716	9.66282911586559	2.7461293259195	0.024626192517892	0.43942605040207	-3.69202257179679	NA
6992	1434440_at	-1.34926983897317	4.28672051906791	-2.68666134587149	0.0270306016176158	0.457780233682767	-3.78430987138973	Gnai1
2825	1421239_at	-1.02776211479521	5.4311299230275	-2.6674970297785	0.0278556032342148	0.463427116748047	-3.81403836192371	Il6st
3955	1423835_at	1.36221996365217	6.10516532996247	2.63036878631836	0.0295278424582206	0.480645297453021	-3.87160676317943	Zfp503
2815	1421207_at	-1.52429429600389	4.57406827168348	-2.59997098657055	0.0309729119406443	0.490751474488107	-3.91870619048768	Lif
2734	1421011_at	-1.09194809339116	6.64895231968507	-2.59536832283984	0.0311979061229852	0.491303682548774	-3.92583463107193	Hsd17b11
2836	1421277_at	-1.29898208231583	3.32781135561356	-2.58592641574938	0.0316646736043113	0.492063808359305	-3.94045512593202	Spna1
3214	1422537_a_at	-1.03192269235602	9.34061947194976	-2.58369426719462	0.0317760548235382	0.492441792080394	-3.94391097060982	Id2
8201	1448261_at	-1.02724233278076	7.90817101389928	-2.555830882463	0.0332003451656322	0.496724564792213	-3.98702979246959	Cdh1
1547	1418059_at	1.10217705573773	8.45707751820283	2.54293287402197	0.0338814135431462	0.498114618867064	-4.00697624605586	Eltd1
5998	1428013_at	-1.21233185863863	6.82844911246136	-2.53266599846485	0.0344336543262196	0.503291901023931	-4.02284715293405	6030458C11Rik
2033	1419060_at	-1.0528026370244	11.8911021927872	-2.52371427201614	0.0349225883749851	0.504073555828669	-4.03668005835499	Gzmb
178	1415943_at	1.55108922926981	3.2632932217629	2.48702947729549	0.0370007272071085	0.516776823325949	-4.09331537023985	Sdc1
6146	1428333_at	-1.14433203249828	5.45643772452503	-2.47656975410689	0.0376158251898366	0.519218512275574	-4.10944660832466	Arxes2
1027	1417215_at	-1.19605935778941	7.3867673762117	-2.46620035577581	0.0382357914299932	0.521787103072996	-4.12543057608249	Rab27b
2117	1419249_at	1.24325965283363	3.95007766289057	2.44740664921777	0.0393857909426558	0.52420170933443	-4.15437897989387	Cdk14
10863	1455831_at	-1.21934278640102	6.33341885735911	-2.42834822254379	0.0405875470195479	0.529479334520649	-4.18370546689828	Fus
8871	1449429_at	-1.04836014313821	5.73951044480061	-2.42392695439748	0.0408715638557914	0.529479334520649	-4.19050428546398	Fkbp1b
1472	1417925_at	2.24767709341742	5.56889515222797	2.42012008354848	0.0411177117933431	0.529479334520649	-4.19635691704774	Ccl22
10570	1454229_a_at	-1.16542707228693	3.97829784812781	-2.41445809656793	0.0414865659132061	0.53152607041461	-4.20505915303265	Eri2
2055	1419112_at	-1.16146138141769	8.07960303330812	-2.41199795930094	0.041647866836814	0.531764961413993	-4.20883936449336	Nlk
3318	1422748_at	-1.19787110742258	9.23068909053794	-2.40852844489367	0.0418764187882678	0.532652785756651	-4.214169615106	Zeb2
11066	1459917_at	-1.51811756141788	5.83946477666402	-2.39557301476298	0.0427410263784118	0.537852315260258	-4.23406309234407	Ggnbp2
1956	1418892_at	-1.16562263942117	3.31967767253591	-2.39337750671185	0.0428893118691851	0.538666021253582	-4.23743275750511	Rhoj
726	1416770_at	-1.05440495706805	4.34417681110493	-2.38305500466372	0.0435934372355438	0.541021656898603	-4.25326931756691	Stk25
6023	1428074_at	1.15371262137026	7.0437793845204	2.38274763021449	0.0436145806675087	0.541021656898603	-4.25374072050139	Tmem158
2802	1421173_at	2.19869955045954	3.71684599657343	2.37977320492496	0.0438197143152303	0.541370195788922	-4.25830193180282	Irf4
8093	1448021_at	1.54153465241045	6.47822912402148	2.37860354941685	0.0439006449249113	0.541600868086719	-4.26009532276235	Fam46c
10815	1455618_x_at	1.00247570269352	5.86037577777131	2.37351278317647	0.0442546306926925	0.543596782873431	-4.2678991648438	Tspan33
6772	1433645_at	1.01867980940442	7.41860745884413	2.35646513686709	0.0454609592726497	0.551622195033734	-4.2940122225203	NA
9611	1451263_a_at	1.51961017229051	3.91390043081831	2.35586609778595	0.0455039413077175	0.551622195033734	-4.29492924009805	Fabp4
3583	1423231_at	1.40254874626974	5.17713548026076	2.3552858348463	0.045545614842895	0.551622195033734	-4.29581747720773	Nrgn
5888	1427683_at	1.22474980488731	4.30715974777547	2.3499497326722	0.0459306370778224	0.553368793675617	-4.30398396270149	Egr2
2165	1419356_at	-1.07296293929361	7.18734816383965	-2.33927410986795	0.0467107119535551	0.555095965710727	-4.32031254291576	Klf7
6677	1432646_a_at	-1.13540477089234	6.03483320090602	-2.33618296071247	0.0469390432231229	0.556626201240241	-4.32503807892712	2900097C17Rik
8994	1449858_at	2.3268347700792	5.41389851554153	2.32035917029327	0.048125436089915	0.563605650605806	-4.34921077062712	Cd86
2768	1421073_a_at	1.10248559073311	6.12748621550921	2.31749018501163	0.0483437177860173	0.56414418894179	-4.35359025933282	Ptger4
10632	1454758_a_at	1.16761261490624	8.83306307580099	2.31627001122078	0.0484368512232954	0.56414418894179	-4.3554525420846	Tsc22d1
1762	1418469_at	-1.24291588118106	7.32541568967863	-2.30015378629201	0.0496838626218331	0.569687972525809	-4.38003243343153	Nrip1
5971	1427950_at	-1.13116310014685	5.95533707380718	-2.27711781265816	0.0515219226163224	0.5742537049837	-4.41510790479449	Ltn1
5909	1427770_a_at	-1.07384449703402	4.87877728962293	-2.25455634361492	0.053387518631478	0.582664712623483	-4.44939096733932	Slc2a3
8487	1448688_at	-1.05734596134662	8.47372931731323	-2.2282624049844	0.0556463243978099	0.591425352618269	-4.48925310670157	Podxl
1551	1418069_at	1.54248351696821	3.41437188628488	2.21713541514357	0.0566304193667686	0.592107148148108	-4.50609039683482	Apoc2
8995	1449859_at	-1.93640722467976	5.76255689138667	-2.21329890472921	0.0569736974085061	0.592956245430018	-4.51189130479038	Golt1b
8742	1449124_at	2.40762247693986	4.57483996793577	2.20570611671447	0.0576591393183774	0.597889865360956	-4.52336492558606	Rgl1
5303	1426517_at	-1.27075517246038	6.70342008904012	-2.20338155676119	0.0578706116743335	0.598158397617878	-4.52687576992639	Gnaz
5359	1426603_at	-1.23938584336297	5.91884439758613	-2.19617579710578	0.0585310126547327	0.598158397617878	-4.53775324739298	Rnasel
3409	1422924_at	1.14383489737749	3.99041843678272	2.19440597367948	0.0586943481019829	0.599069961570195	-4.54042359036547	Tnfsf9
8603	1448890_at	1.42909174167599	7.28821266441151	2.17288261353235	0.060716997756072	0.603342529846062	-4.57285650116395	Klf2
4557	1424783_a_at	1.14281948356947	8.70399207609885	2.16961767817107	0.0610297496114581	0.60457929715799	-4.57776943383629	NA
5151	1426261_s_at	1.1438509454299	8.91070391087469	2.15892661892869	0.0620649775325326	0.60900427509953	-4.59384382734319	NA
3270	1422659_at	1.01197581282363	3.83354558230635	2.15686712807423	0.0622663723175478	0.609806314836523	-4.59693802394649	Camk2d
7916	1438824_at	-1.05121497893946	5.13688058700388	-2.15380252906103	0.0625672432521801	0.610181442528225	-4.60154089952663	Slc20a1
8066	1444028_s_at	-1.01341176552864	3.54250539287754	-2.15326611845465	0.0626200525744956	0.610181442528225	-4.60234638823622	Dock9
10966	1456262_at	-1.47394829702556	5.07782988334242	-2.1494496971969	0.0629970416422946	0.610775803331503	-4.60807573100032	Rbm5
6476	1430700_a_at	-1.14443909664254	7.77210438026401	-2.14037954309257	0.0639019522893284	0.611738608950679	-4.62168151415579	Pla2g7
4429	1424567_at	-1.24501734929808	3.64992101143679	-2.13957584028628	0.0639827478971456	0.611738608950679	-4.62288638781977	Tspan2
4759	1425216_at	-1.33384536961411	4.02168953383977	-2.13866683986518	0.0640742496310959	0.611738608950679	-4.62424897458203	Ffar2
6365	1429410_at	-1.09521293666669	5.6593398693627	-2.07405123852157	0.0709170601170351	0.628308358198974	-4.72069748189352	Eny2
245	1416041_at	1.07945299815911	8.68202470690267	2.07205084583181	0.071139894634035	0.628308358198974	-4.72366988657612	Sgk1
8467	1448656_at	1.49247008614398	2.82277621392641	2.06921822676152	0.0714566010949755	0.628308358198974	-4.72787745806417	Cacnb3
3071	1422027_a_at	-1.09203418535465	5.30403762281238	-2.06436111486591	0.0720028545372089	0.629152373439421	-4.73508823833161	Ets1
5323	1426544_a_at	-1.12208466060658	7.58579897991051	-2.05997145155047	0.0725000275660328	0.629877287490044	-4.74160070352343	Ttc14
10264	1452519_a_at	1.10355244583538	8.77087625992643	2.04444052405937	0.0742859716061448	0.635394388061031	-4.76460858556765	Zfp36
1633	1418203_at	1.0674439729343	9.99459871165196	2.03977392641534	0.0748308874142759	0.636071051405131	-4.77151138260566	Pmaip1
6758	1433598_at	-1.3058548193068	6.98996997279833	-2.03643316633709	0.075223364280687	0.636071051405131	-4.77645001329729	Arglu1
7243	1435383_x_at	1.09260373893668	5.88114391458025	2.03299913670071	0.0756288777115305	0.636071051405131	-4.78152389936016	Ndn
1333	1417705_at	-1.17620374568727	7.76149147552163	-2.02039852514307	0.0771350583607655	0.64012326665222	-4.80011863682588	Otub1
7506	1436898_at	-1.70897096429082	9.89719987556177	-2.01400991253641	0.0779097522117644	0.643352574285906	-4.80953228855136	NA
2445	1420342_at	-1.36921012422651	5.32989079925439	-2.00989072313028	0.0784132348701877	0.645565132657923	-4.81559685929301	NA
2104	1419219_at	-1.0480256149889	6.58306751448647	-1.99234969330562	0.080592653161267	0.651426934493997	-4.84137675821799	Cyp4f18
4894	1425565_at	-1.00264809530398	8.03233369239319	-1.99100775212318	0.0807617706699736	0.651426934493997	-4.84334593693349	Rest
2441	1420331_at	1.48218509294033	8.00919297123534	1.98640383394016	0.0813445813202661	0.653245238574418	-4.85009842415429	Clec4e
968	1417136_s_at	-1.13400240255954	6.25716720493117	-1.98415546004714	0.0816306741889252	0.653245238574418	-4.85339418039121	Srpk2
1607	1418159_at	-1.01789577190012	4.80449031689212	-1.98375097253605	0.081682245714733	0.653245238574418	-4.85398696181395	Tfcp2
4719	1425128_at	1.01450835480845	6.10216707114888	1.9770772720258	0.0825376752251723	0.653876577702177	-4.86376148708441	B3gnt8
3021	1421907_at	-1.50672404020457	9.35348199467121	-1.97065232782432	0.0833693617267738	0.653876577702177	-4.87316114657277	Med1
7599	1437279_x_at	2.13161239621297	4.86027692026279	1.96847833018623	0.0836525989739427	0.653876577702177	-4.87633933467047	Sdc1
8623	1448919_at	-1.28198641665321	6.33605061582783	-1.91483241360106	0.0909415711589976	0.670412574434522	-4.95437361903773	Cd302
4451	1424598_at	-1.73515670844774	6.79712905645893	-1.91071030698343	0.0915261151148673	0.671053104533048	-4.96033756727695	Ddx6
10508	1453753_at	-1.27260767208632	4.27332763210989	-1.89712834456278	0.0934776049542203	0.675049812370038	-4.97995451983027	Dtl
8628	1448929_at	-1.22338551476764	9.41505768837422	-1.89408923429638	0.0939196701188871	0.675272356399861	-4.9843368652911	F13a1
400	1416271_at	1.05940425128286	4.62250414969218	1.88670906640677	0.0950014820029154	0.677101373844732	-4.99496790729888	Perp
9852	1451721_a_at	1.27525816907145	7.72910966572993	1.88331024379378	0.0955036723104837	0.677101373844732	-4.99985857471526	H2-Ab1
4221	1424250_a_at	1.51355603242956	8.33260097379079	1.86698342996182	0.0979514038790081	0.67905466405729	-5.02330451197744	Arhgef3
1145	1417394_at	-1.10472693941505	6.11765912123957	-1.86407231850084	0.098394050954003	0.680814616784487	-5.02747667704304	Klf4
680	1416697_at	1.50817548611662	4.6543672929487	1.85337327247651	0.100037238149455	0.682582192511935	-5.04278848258225	Dpp4
9229	1450513_at	2.25427926666493	6.66961173297029	1.84857137904412	0.100783147741469	0.685314873915458	-5.04964934278239	Cd33
6951	1434280_at	-1.11295687219623	8.6546240209802	-1.83152260080917	0.103474170715729	0.68862092791885	-5.07395080630594	NA
2526	1420591_at	1.35549184395822	9.04701509938275	1.82366702167799	0.104736829001745	0.688695771846035	-5.08511755195219	Gpr84
895	1417023_a_at	1.57389266759038	3.14697655263378	1.80616393958516	0.107602601098237	0.689722311747465	-5.1099272562144	Fabp4
4616	1424893_at	-1.01644516055002	6.01347554878218	-1.79565636932517	0.109358279222118	0.691929649239275	-5.12477327287693	Ndel1
9796	1451569_at	-1.34688268234683	6.66760878147555	-1.79456051232641	0.109542924750824	0.692323523858141	-5.12631949662195	Nr2c2
2467	1420404_at	1.12667114963079	5.32263794047091	1.79377564946234	0.109675349484344	0.692411723677464	-5.12742667117527	Cd86
894	1417022_at	1.26774289085903	3.90073186577295	1.79142692055307	0.11007253356887	0.692411723677464	-5.13073870418713	Slc7a3
10941	1456112_at	-1.47820471992445	8.7724479976555	-1.784136618389	0.111313982248519	0.694591881509928	-5.14100728935739	Tpr
5150	1426260_a_at	1.063882933498	10.2308863068599	1.76724293342063	0.114241389375263	0.69613497703877	-5.16473331838244	NA
3543	1423166_at	1.75287289366202	4.23465780277446	1.76522136557173	0.11459648220545	0.69613497703877	-5.16756591822304	Cd36
5423	1426701_at	1.01649419231617	5.3410100393604	1.75662053710782	0.116118799235904	0.698917590527424	-5.17960144820665	Fam160a2
7408	1436343_at	-1.08127057730007	6.06972728589683	-1.75582299078148	0.116260915094008	0.698917590527424	-5.18071618280409	Chd4
3031	1421933_at	-1.21455790333299	4.19721232221886	-1.74509812589577	0.118187827397521	0.69985519875768	-5.19568461347104	Cbx5
5759	1427262_at	-1.40515215184269	8.70667478741333	-1.73784394560608	0.119508003751836	0.701975975378259	-5.2057859225943	Xist
7082	1434752_at	-1.10444883219079	6.99623020635799	-1.73749918479877	0.119571086763361	0.701975975378259	-5.20626552615644	Zfp207
7467	1436767_at	-1.2059031490653	7.30321609441127	-1.73257974349253	0.120474610036322	0.703349039987804	-5.21310439209139	NA
7607	1437302_at	1.15619101787157	5.57604235026329	1.73188855552214	0.120602063967232	0.703349039987804	-5.21406456115116	Adrb2
6531	1431239_at	-1.03841718006942	6.44841885250136	-1.72251528639923	0.122342901842831	0.704034262196925	-5.22706835154794	Nono
3267	1422645_at	-1.21963019655084	4.80528807114376	-1.71966611798117	0.1228766682413	0.704034262196925	-5.2310147095439	Hfe
1216	1417500_a_at	2.06122770847112	8.90709598015522	1.69667701807941	0.12726314184193	0.709225578156527	-5.26274632468797	Tgm2
10364	1452732_at	1.48496525420628	3.35788572762426	1.68814418788317	0.128927810546239	0.709458818605369	-5.27447335393327	Asprv1
2026	1419038_a_at	-1.38633064697473	9.14265485698329	-1.68229518807727	0.130080482431401	0.709458818605369	-5.2824957495988	Csnk2a1
10881	1455900_x_at	2.14534016794027	9.86920546771903	1.68051841912769	0.130432511465951	0.709458818605369	-5.28493012112436	Tgm2
5857	1427526_at	-1.21350423599417	6.21629896038812	-1.67804681701136	0.13092366802802	0.709458818605369	-5.28831445482608	Fgfr1op2
5047	1426004_a_at	1.95037534123205	6.83127186524799	1.66489911901091	0.133565137061142	0.711715077916997	-5.30627729999782	Tgm2
2324	1419709_at	1.39009136225952	8.62545558474634	1.6640764304454	0.13373204059841	0.711715077916997	-5.30739902393807	Stfa3
2340	1419748_at	-1.3365072338298	5.18451038198705	-1.66260498443602	0.134031039595814	0.711715077916997	-5.30940465050006	Abcd2
8987	1449846_at	1.18891884327114	6.20566367137094	1.66181511614969	0.134191794834654	0.711715077916997	-5.3104809111654	Ear2
2466	1420401_a_at	1.0152279631741	3.32199843288416	1.65734700653129	0.13510449242279	0.711715077916997	-5.31656440525024	Ramp3
9188	1450407_a_at	-1.13899248413907	9.01563850947954	-1.6551795040149	0.135549297479044	0.712568322952392	-5.31951266864226	Anp32a
7598	1437277_x_at	2.15546424145572	9.45338047558036	1.64998639857432	0.136620477053163	0.714517270917639	-5.32656872756997	Tgm2
5800	1427351_s_at	1.29681309021572	9.04667738431198	1.64612283830664	0.137422443297658	0.714517270917639	-5.33181123441028	Ighm
7970	1439122_at	-1.11657066200017	7.69570509178029	-1.63920246827848	0.138869710145571	0.714517270917639	-5.34118641924867	Ddx6
604	1416576_at	1.71827679844565	5.27679500155264	1.6377718226129	0.13917063858445	0.714517270917639	-5.34312211167435	Socs3
2250	1419537_at	-1.03289890798307	9.43445742402542	-1.62770036012702	0.141306054106429	0.716338950527591	-5.35672519916108	Tfec
4852	1425477_x_at	1.06451274009489	7.83010262501654	1.62233430862157	0.142455984397606	0.719466317629518	-5.36395575031651	H2-Ab1
6950	1434279_at	-1.05138373640523	10.1617545074057	-1.61423671639874	0.144207448659846	0.7210781440747	-5.37484416872632	NA
9254	1450648_s_at	1.00496489236234	9.08944236463866	1.61408190295769	0.144241124373822	0.7210781440747	-5.37505207000026	H2-Ab1
1434	1417872_at	1.6434215210846	5.1135500691167	1.60508698253368	0.146210081432187	0.722934725193325	-5.38711406684355	Fhl1
897	1417025_at	1.03736986715419	8.81826953915566	1.5989409273735	0.14756946109573	0.725533817199478	-5.3953359812052	H2-Eb1
2440	1420330_at	1.14812312702153	10.6347644358606	1.59379286560986	0.148716933056983	0.726439837510211	-5.40221034256895	Clec4e
9046	1450019_at	-1.35718085597217	5.13343418724951	-1.58930798930294	0.149723180202422	0.72646124218638	-5.40818979818435	Cx3cr1
5628	1427005_at	1.37406778926507	4.72521818114554	1.58177668996771	0.1514268336136	0.728680364940072	-5.41821120538831	Plk2
2349	1419764_at	-1.16756418439299	10.8822089571393	-1.56188769883253	0.156010582009357	0.734782562144821	-5.44455601862736	Chi3l3
6681	1433428_x_at	2.00857057373703	9.94407062244543	1.5555314674931	0.157501676399446	0.73633271850968	-5.45293818478256	Tgm2
10812	1455581_x_at	1.29619397112677	8.76772831432415	1.55273327828986	0.158162159107091	0.73633271850968	-5.45662246104678	Gm20559
5927	1427891_at	1.98063094807281	6.29571289663047	1.51056437206891	0.168421478788235	0.746158960283983	-5.51170785794525	Gimap6
4325	1424400_a_at	1.07590402043781	3.84630678700256	1.5072002359691	0.169265036634268	0.746158960283983	-5.5160664882312	Aldh1l1
9736	1451446_at	1.14065316814077	2.88185170614176	1.49244032758494	0.173010758917165	0.749782564983017	-5.53512543740969	Antxr1
11207	1460407_at	1.31746871790741	5.87726824486213	1.49053014503133	0.1735008699865	0.750242047885709	-5.53758428552317	Spib
10958	1456212_x_at	1.26401219626796	7.63319762680337	1.4718801601661	0.178351195026715	0.751483624636895	-5.56149715872276	Socs3
194	1415972_at	1.44787155901877	6.98268245288481	1.47049009355183	0.178717476246576	0.751483624636895	-5.56327260866965	Marcks
2332	1419728_at	-1.5639763569644	5.39641845377383	-1.46330548024107	0.180621240025094	0.751483624636895	-5.5724337162295	Cxcl5
1277	1417612_at	1.0040525665356	8.67127895968395	1.46278763458686	0.18075914749493	0.751483624636895	-5.57309302301242	Ier5
4837	1425451_s_at	-1.05803677639879	10.2310961231606	-1.44579164074279	0.185337211838171	0.754721684986967	-5.59465665072395	NA
10880	1455899_x_at	1.09157669102003	8.74746642435183	1.44374935438637	0.185894138616759	0.754721684986967	-5.59723790430373	Socs3
8891	1449473_s_at	2.22162076034529	6.14358085894736	1.43792725900885	0.187489893390588	0.756311018906656	-5.60458471947217	Cd40
8403	1448566_at	-1.52264476036942	5.22576239619392	-1.43567671166054	0.188109953543825	0.756620766951581	-5.60741997101279	Slc40a1
7377	1436172_at	1.21151129211209	9.68258706359504	1.43509572573398	0.188270316035514	0.756620766951581	-5.6081514750557	Gm20559
195	1415973_at	1.563738945461	6.35089172750469	1.42681878868205	0.190567953963041	0.758850849413545	-5.61855372672444	Marcks
1056	1417256_at	2.16761539697877	6.11679312323652	1.42646194805529	0.190667561278506	0.758887991621942	-5.61900139336516	Mmp13
1896	1418743_a_at	-1.45455083994628	5.68267482206365	-1.42478339630755	0.191136718483549	0.758887991621942	-5.6211062914073	Tesc
2969	1421824_at	-1.17068717563991	5.68905492458119	-1.41879306038965	0.192819269879107	0.758887991621942	-5.62860611686941	Bace1
1476	1417930_at	1.00089537979495	5.82132496506637	1.41230464165002	0.194656312676073	0.761299022609625	-5.63670821876694	Nab2
8794	1449227_at	1.0738810543841	2.54568601176071	1.41151702783258	0.194880343568135	0.761299022609625	-5.63769019798372	Ch25h
8700	1449049_at	1.35480041019609	6.27169585823048	1.40996938630509	0.19532121406402	0.761526998647779	-5.63961880378551	Tlr1
2721	1420988_at	-1.06885221040204	4.7185479966532	-1.36138929121688	0.209607890849142	0.76978896708413	-5.69949968730415	Polh
560	1416505_at	1.00592533318573	5.82340140976211	1.33484521612355	0.217788465067932	0.778148584462062	-5.73166579418595	Nr4a1
2262	1419561_at	1.05566212926833	10.3062701414177	1.33443025005595	0.217918494501344	0.778148584462062	-5.73216547039477	Ccl3
4298	1424354_at	1.04858697893622	4.75744661945455	1.30757928427314	0.226474287638404	0.786626376816431	-5.76428594442911	Tmem140
930	1417084_at	-1.05905818858913	6.49287726369932	-1.28546748603426	0.233732582756019	0.792868578326491	-5.79041897365707	Eif4ebp2
10920	1456028_x_at	1.09341935778814	8.32074242682136	1.27458548586938	0.23737614354189	0.79518439042175	-5.80317240844867	Marcks
9038	1450009_at	-1.52256844943171	11.113150744539	-1.2655811846629	0.240427002735726	0.795529255910306	-5.81367087459872	Ltf
3708	1423466_at	1.71465828135231	6.74072867097769	1.26017322704172	0.24227509700577	0.796323879951038	-5.81995237888637	Ccr7
10876	1455886_at	-1.39184476808925	6.9422660577295	-1.25999675807427	0.242335602684927	0.796323879951038	-5.82015705001224	Cbl
7562	1437110_at	-1.31927838748302	7.82804042188449	-1.25151031021914	0.245260295132719	0.79903381549399	-5.82997705760534	2810474O19Rik
11038	1456700_x_at	1.25713726075985	7.51643238054472	1.23907475666061	0.249599136566383	0.804019086553386	-5.84428590991976	Marcks
1654	1418240_at	1.79552571228332	7.45549379136572	1.20512633897712	0.261769381533709	0.819343530276672	-5.88285097100137	Gbp2
9695	1451382_at	1.1629018484733	6.8912526490387	1.20178713648774	0.262992447935752	0.819343530276672	-5.88660435593294	Chac1
2096	1419208_at	1.49972181762427	4.80730198721152	1.19028140356284	0.267242694595273	0.821645039267757	-5.89948167029102	Map3k8
11210	1460415_a_at	1.72696348580874	6.59119786174692	1.17412688967253	0.273304888548919	0.826268894749847	-5.91741530405018	Cd40
7342	1435906_x_at	1.83660742551735	7.95897587417592	1.17354017082334	0.273527154247134	0.826719929467761	-5.91806338935793	Gbp2
1897	1418744_s_at	-1.11604230981232	7.0264094210949	-1.14516259172904	0.28445378336306	0.834731169295511	-5.94913359100069	Tesc
10861	1455826_a_at	-1.0881881675827	7.71909060331585	-1.13972553178831	0.286586975447883	0.835541024152856	-5.9550243324035	Bace1
917	1417061_at	-1.3537604672515	5.65202257170391	-1.12841413061205	0.291066108734278	0.836805816546603	-5.96721466139604	Slc40a1
9368	1450883_a_at	1.56711167234757	6.55890428103304	1.1270391268333	0.291614390861937	0.837602205620718	-5.96869049893422	Cd36
1910	1418776_at	1.07794300328462	2.91961695875257	1.12015393233448	0.294372293488057	0.838849812652491	-5.97606091491395	Gbp8
926	1417074_at	-1.65971894790289	5.49034145509256	-1.04367287874538	0.326417404876942	0.849887250028272	-6.05567287787863	Ceacam10
293	1416111_at	1.73011008200533	5.54182121449423	1.01489460083829	0.339154359554927	0.85586733652574	-6.08452399759898	Cd83
9152	1450291_s_at	1.28469688110691	9.34791226579074	1.01137327846732	0.340738638763828	0.857379052565656	-6.08801157242856	Ms4a4c
5161	1426278_at	2.0110797685064	10.2596352646602	0.993676502123413	0.348786063072936	0.863795256467628	-6.10539615720022	Ifi27l2a
9896	1451798_at	1.26997753719935	7.30197952656757	0.992195589968038	0.3494659673175	0.864145899314695	-6.10684009960377	Il1rn
2284	1419607_at	1.04150115918168	6.78519197631589	0.990052360703765	0.350451722667929	0.864665418213778	-6.10892684356963	Tnf
9886	1451780_at	1.37829940205471	3.65762366158882	0.984845599793392	0.352855259716487	0.865645596641699	-6.1139816587724	Blnk
9029	1449984_at	2.28946933705541	6.07186731603478	0.984675690781956	0.352933901666458	0.865645596641699	-6.1141462574046	Cxcl2
2567	1420671_x_at	1.15753744333541	9.22629356443021	0.974766663651907	0.357543119003917	0.869048387290159	-6.12370695890443	Ms4a4c
3439	1423017_a_at	1.25601200364994	7.00917876649208	0.971550562531631	0.359048764303212	0.870152737360648	-6.12679362898698	Il1rn
10563	1454169_a_at	1.40304633083566	7.3622733774394	0.964412009284896	0.362407682589408	0.871573797906211	-6.13361607641458	Epsti1
10021	1452087_at	1.53322993356452	7.47249019500604	0.93988041415795	0.374128966724451	0.875174355549172	-6.15675600166708	Epsti1
564	1416514_a_at	1.23994034395402	9.18670083914703	0.932273722047508	0.377819689766199	0.877562402624787	-6.16383420024339	Fscn1
1767	1418480_at	-1.17762561128531	9.79997459705349	-0.926476599266365	0.380650311064804	0.879090949012873	-6.16919746362134	Ppbp
9221	1450484_a_at	1.99892555897825	7.84383181398886	0.922397350612484	0.382651408291407	0.879090949012873	-6.17295523562878	Cmpk2
4106	1424067_at	1.00463996939381	8.98851218302185	0.913320676337821	0.387131535659663	0.879277135773729	-6.18126842427617	Icam1
2517	1420549_at	1.35268877920496	7.34147620480119	0.911421297009893	0.388073849517109	0.879277135773729	-6.18299959838356	Gbp1
3089	1422095_a_at	1.78878367333556	5.54814290068875	0.908112211982699	0.389719515191885	0.879277135773729	-6.18600863881808	Cmpk2
8227	1448303_at	1.13228446939307	8.31600355187024	0.888433564335743	0.399610350784975	0.879719967564755	-6.20371826114917	Gpnmb
6421	1429947_a_at	2.03487399700617	6.73018161411827	0.882409646084611	0.402673777864788	0.88154763754573	-6.20907581191345	Zbp1
8782	1449195_s_at	1.03024506403704	6.18493033158638	0.880454777254905	0.403671510372468	0.881693717758738	-6.21080798501856	Cxcl16
4541	1424754_at	1.06653335776397	7.19786080452132	0.876078036757975	0.405911713616404	0.883646877735522	-6.21467464798705	Ms4a7
1424	1417856_at	1.30045115596384	6.08520610149464	0.863117916549979	0.412597034034917	0.88504176071995	-6.22603084799854	Relb
1060	1417262_at	1.66223879611218	4.82337821954252	0.853969102385437	0.417362921762487	0.886971661547871	-6.23396276653673	Ptgs2
7367	1436058_at	2.29478492588008	7.73034951907803	0.850130004906488	0.419374296088012	0.887572987666884	-6.23727023825586	Rsad2
9725	1451426_at	1.61576767626217	7.20255560349085	0.845540577677192	0.421787678880048	0.887572987666884	-6.24120779899641	Dhx58
3580	1423226_at	1.19271997902678	3.30844896001118	0.821987543216664	0.43432545445377	0.889051479859247	-6.26113363960228	Ms4a1
2265	1419569_a_at	1.64164638431937	8.20370128931633	0.810777221554954	0.440382274833458	0.89203906781361	-6.27045054779819	Isg20
2733	1421009_at	2.33428219705706	6.10389113721495	0.806283953504637	0.442826076623463	0.89203906781361	-6.27415442920466	Rsad2
8409	1448573_a_at	-1.35294518869593	4.45501341066651	-0.797162246544733	0.447815547186438	0.893819897023538	-6.28161970914272	Ceacam10
3058	1421998_at	1.06112149940257	6.37072806284388	0.790946115760481	0.451237431335416	0.894375073367209	-6.28666549664481	Tor3a
9828	1451655_at	1.13188130758267	7.36500014137363	0.785555023628429	0.454219382419647	0.895319322047831	-6.29101420272093	Slfn8
5469	1426774_at	1.06368091372452	9.03840670123592	0.777101044681097	0.458922078452637	0.89761159639258	-6.29778216983571	Parp12
2915	1421596_s_at	1.90883781183043	7.25949902844471	0.771234671235359	0.462204411142215	0.899279366743795	-6.3024415529457	H28
1826	1418580_at	1.70460896284165	8.71583582347443	0.761028047993387	0.467952281323433	0.90269758329023	-6.31047553290552	Rtp4
1049	1417244_a_at	1.93637962976285	7.43727652554238	0.752393075204062	0.472851764783197	0.902770159424206	-6.31720002095186	Irf7
4549	1424775_at	1.26077928966967	9.86048992436717	0.749470023594247	0.474517903697104	0.902770159424206	-6.31946125501617	NA
2575	1420697_at	1.11795987787051	7.62838485590455	0.74196547826357	0.478813054149011	0.904816104399351	-6.32523158910544	Slc15a3
9391	1450912_at	1.0117479689528	3.60798103275323	0.731562792742277	0.484808615425032	0.906538846518282	-6.33314650613938	Ms4a1
2732	1421008_at	2.02734862716801	6.0003228887381	0.726582496526834	0.487696088181316	0.906538846518282	-6.33690116111836	Rsad2
3753	1423555_a_at	1.99040370371153	8.27628807590963	0.719092219972649	0.492059565624642	0.907569043949178	-6.34250571295904	Ifi44
1975	1418930_at	1.85830126658678	9.21301563071029	0.719019614195638	0.492101984151434	0.907569043949178	-6.34255979006812	Cxcl10
9324	1450783_at	2.03396673910421	6.65121203444494	0.712788792179207	0.49575091998774	0.908184636369819	-6.34718263070587	Ifit1
5684	1427102_at	1.58532893283187	9.09523140779522	0.711889796619435	0.496278813686177	0.908184636369819	-6.34784669795657	Slfn4
7226	1435331_at	1.22597903174683	7.30435823613467	0.711617214418581	0.496438945576855	0.908184636369819	-6.34804790218351	Pyhin1
5028	1425958_at	1.16348399528312	6.40429523444996	0.698383505460863	0.504252653732223	0.911305802629535	-6.35773436151426	Il1f9
1207	1417483_at	1.05252097949545	8.43581737787624	0.669258531079221	0.521719073386145	0.913314875271332	-6.37848312566813	Nfkbiz
5899	1427736_a_at	1.07485426219019	6.10067009791906	0.662384886186763	0.525894860463318	0.913314875271332	-6.3832647973765	Ccrl2
10222	1452417_x_at	1.27173521644244	7.21548190126943	0.657957061806507	0.528595548523751	0.913314875271332	-6.38632158538019	NA
2594	1420768_a_at	1.20944714848311	5.37112217041249	0.655771419389138	0.529931747036398	0.913989551482033	-6.38782367708515	Dhx58
9884	1451777_at	1.54433968491143	5.95280792307822	0.642361243410052	0.538174706158321	0.915668289554151	-6.39694137354396	Ddx60
5881	1427660_x_at	1.19151979630366	7.20263666890414	0.621712270077052	0.551015932037093	0.918468136015269	-6.41064765440704	NA
2097	1419209_at	1.215261865607	4.5825802848973	0.616280835874967	0.554423304500826	0.920070556325023	-6.41418539404964	Cxcl1
4813	1425374_at	1.30263285333466	5.16742333082953	0.599342850714116	0.565127658141213	0.924330626828805	-6.42503610544847	Oas3
993	1417172_at	1.12257070427854	4.71732493647452	0.597254330801092	0.566455715361217	0.924330626828805	-6.42635490765131	Ube2l6
5009	1425917_at	1.43203873743146	8.38501174594595	0.593250190836783	0.569006866725146	0.924330626828805	-6.42887154759563	H28
4699	1425065_at	1.13751566536737	7.30064879244597	0.581298048924535	0.576660643761132	0.925241022628894	-6.4362912015535	Oas2
2029	1419043_a_at	1.64052290677712	6.17873151898522	0.571653052960102	0.582878959690266	0.925876427305248	-6.44217734992287	Iigp1
10784	1455393_at	1.03391387446808	4.70433574475923	0.560275497810586	0.590261958968213	0.926639555714915	-6.44900401128141	Cp
6563	1431591_s_at	1.26308984197105	8.41253540951968	0.534475868289789	0.607191655075647	0.931039508321914	-6.46401252520821	NA
1624	1418191_at	1.295803630226	8.43268840658579	0.505931001903354	0.626219560980346	0.936048404804785	-6.4798486585626	Usp18
8683	1449025_at	1.22031241992971	6.63883127134487	0.470605017139138	0.650183634000995	0.938810960753003	-6.49831490281964	Ifit3
1002	1417185_at	1.03722690708895	9.56013319148265	0.468066501831871	0.651922873914287	0.938868665366994	-6.49959327012678	Ly6a
10449	1453196_a_at	1.26503850964141	5.88972265697141	0.42916589931327	0.67885258306212	0.94465338059953	-6.51836065242307	Oasl2
4288	1424339_at	1.01287858256088	7.81054132676321	0.414517666682046	0.689123963146696	0.948082604535365	-6.52502490428186	Oasl1
9930	1451905_a_at	1.03424999106575	5.65355841422575	0.404164877815328	0.696424950253078	0.948622778277454	-6.52960114888835	Mx1
2028	1419042_at	1.03722841407568	5.95654540658621	0.399715151245669	0.69957337229826	0.949123299730514	-6.53153391475225	Iigp1
