TRIP4,12,1546,25,199344,26.916863108156516
YY1,19,1546,67,199344,25.737188572482783
MAPK14,22,1546,194,199344,16.774282940748964
PTPN11,13,1546,166,199344,10.363027344576842
KAT5,13,1546,125,199344,12.266444080850462
MECP2,9,1546,25,199344,20.077136763445814
PML,34,1546,107,199344,36.55470302373863
MAPK1,34,1546,286,199344,21.423228888066788
HIF1A,24,1546,84,199344,29.04073618837007
CTNNB1,42,1546,328,199344,24.835104432965238
ETS1,21,1546,86,199344,24.99426681415155
MAPK3,24,1546,202,199344,17.993138431521775
CDKN1A,18,1546,96,199344,20.076076999677802
ETS2,11,1546,27,199344,23.672891924248653
MAPK10,8,1546,79,199344,9.474599612932364
IKBKG,19,1546,328,199344,10.358110584501148
MAPK11,8,1546,56,199344,11.52503675723818
MAPK9,16,1546,101,199344,17.260258255654783
PARP1,24,1546,128,199344,23.181856920071265
MAPK8,24,1546,159,199344,20.582235104767307
IKBKB,19,1546,150,199344,16.601830379379678
SP1,69,1546,192,199344,55.54067056551784
UTRN,2,1546,38,199344,3.153514113283723
NR3C1,40,1546,201,199344,30.90906711059758
JDP2,9,1546,23,199344,20.96873091489254
SOX8,5,1546,14,199344,14.90248716476164
CBFB,4,1546,27,199344,8.315989188629375
SFPI1,9,1546,19,199344,23.15174906534535
HES1,4,1546,30,199344,7.840816745416195
RAC1,14,1546,250,199344,8.695726052612383
NONO,12,1546,57,199344,17.451408522664554
NFATC1,11,1546,32,199344,21.666796959629835
GATA1,12,1546,46,199344,19.569637327309717
GATA2,11,1546,27,199344,23.672891924248653
BCL6,16,1546,90,199344,18.387162714018537
HNRNPM,6,1546,54,199344,8.658021820142368
HSPA8,27,1546,182,199344,21.62204590310903
BCL3,25,1546,38,199344,45.686269011689035
CSF3R,7,1546,34,199344,13.16953411709268
REL,20,1546,64,199344,27.791592136529857
RARA,29,1546,111,199344,30.4464670577839
STAT6,15,1546,64,199344,20.666877194122875
MYOD1,19,1546,75,199344,24.24417335465819
PPP4C,5,1546,45,199344,7.903656423773186
HMGA1,15,1546,62,199344,21.020023996614214
TAF4,3,1546,74,199344,3.214991907287439
CREBBP,77,1546,330,199344,46.713347083974405
CDK9,7,1546,103,199344,6.965365244611136
SMAD3,45,1546,321,199344,27.047754637200356
SMAD2,31,1546,367,199344,16.75292946410481
TEAD2,2,1546,3,199344,13.009931553289311
SMAD4,29,1546,215,199344,21.249508407745566
VAV1,11,1546,103,199344,11.458286992661202
IRAK1,10,1546,86,199344,11.472578052934061
BRCA1,36,1546,213,199344,26.82874070865453
SMAD1,17,1546,155,199344,14.46509143505767
HDAC4,25,1546,123,199344,24.716059288834302
HDAC3,40,1546,158,199344,35.1646837318768
E2F1,24,1546,97,199344,26.90803736538712
HDAC2,33,1546,211,199344,24.613432931184864
HDAC1,59,1546,344,199344,34.62297821782868
SMARCA4,32,1546,140,199344,29.783930777838812
ABL1,17,1546,310,199344,9.450068513704169
PIAS2,12,1546,51,199344,18.523702513700844
NCOR1,30,1546,135,199344,28.406282394699232
PIAS1,19,1546,92,199344,21.733223472845467
NCOR2,27,1546,96,199344,30.54722670268577
YAP1,5,1546,82,199344,5.49377254982588
DNMT1,7,1546,45,199344,11.302343769166363
PIN1,14,1546,137,199344,12.6002082597643
SRC,30,1546,387,199344,15.644942474809614
ATF2,27,1546,76,199344,34.53494183934854
ATF3,10,1546,28,199344,21.075299461496883
ATF1,6,1546,31,199344,11.792273718904225
TBP,26,1546,153,199344,22.8680088752885
TUBB,12,1546,107,199344,12.309921904503197
JUND,31,1546,36,199344,58.367192799074175
SIN3A,29,1546,178,199344,23.599010361671066
PELP1,10,1546,30,199344,20.328391432617554
SYK,15,1546,125,199344,14.305656488086369
RUNX1,28,1546,64,199344,39.19113604438103
RUNX2,19,1546,40,199344,33.68695272513445
HSP90AA1,31,1546,226,199344,22.17780732295062
FLT3,9,1546,30,199344,18.247128984750663
SOX10,4,1546,27,199344,8.315989188629375
EGR1,11,1546,23,199344,25.72266935181951
FOSB,3,1546,7,199344,12.691961033586699
ERG,4,1546,9,199344,14.934166514723119
RB1,38,1546,199,199344,29.460350482498583
PTPN6,18,1546,169,199344,14.634673968624943
ESR1,59,1546,579,199344,25.823862512790345
GTF2B,15,1546,73,199344,19.25787328404696
CCND1,19,1546,63,199344,26.586222818956053
HOXC11,4,1546,10,199344,14.13983713487425
NCOA1,25,1546,77,199344,31.701683841292997
RFWD2,4,1546,29,199344,7.9912745482571665
NCOA6,24,1546,78,199344,30.19705791429678
SKI,15,1546,31,199344,30.219040457738053
UBC,50,1546,537,199344,22.54761933874478
MDM2,26,1546,185,199344,20.588404570585855
KPNA1,4,1546,46,199344,6.123468902931979
FHL2,17,1546,97,199344,18.805899131610815
ELF3,5,1546,42,199344,8.2219867982963
ELF1,7,1546,38,199344,12.399765178154443
NFKB2,30,1546,180,199344,24.304031211029315
NFKB1,66,1546,303,199344,41.68360460501781
HCFC1,11,1546,66,199344,14.716821740413879
DDIT3,12,1546,37,199344,21.951114058136547
SUMO1,24,1546,198,199344,18.19911019848775
SUMO4,6,1546,75,199344,7.132196020682418
FOSL1,7,1546,15,199344,20.261042593880767
NFKBIZ,4,1546,4,199344,22.622270907427833
FOSL2,4,1546,8,199344,15.871332729612018
EP300,65,1546,350,199344,37.952560679238005
IL2RA,3,1546,26,199344,6.256107047824951
CEBPB,30,1546,75,199344,38.72353879109922
CEBPA,31,1546,70,199344,41.49801094144152
AR,58,1546,236,199344,41.68057556105156
PRKCD,17,1546,127,199344,16.199968455431485
STAT4,10,1546,28,199344,21.075299461496883
STAT3,68,1546,182,199344,56.26665284407493
SIRT1,15,1546,65,199344,20.496319301342012
STAT1,31,1546,134,199344,29.504486902944308
SFPQ,15,1546,73,199344,19.25787328404696
IRF8,12,1546,22,199344,28.75001872078623
RELA,57,1546,276,199344,37.643047267216865
IRF9,7,1546,30,199344,14.084604089016876
NFE2L2,9,1546,27,199344,19.28520542835743
NFYA,8,1546,34,199344,15.124539768559062
NFE2L1,3,1546,13,199344,9.166232649268347
FYN,14,1546,375,199344,6.52935647307958
GSK3A,9,1546,53,199344,13.44900675820185
GSK3B,15,1546,168,199344,12.046504064039118
JUN,101,1546,204,199344,79.34817392549378
IRF2,8,1546,20,199344,19.99674944588589
RXRA,28,1546,112,199344,29.22473110596422
NR5A1,13,1546,32,199344,25.697144359467515
IRF1,16,1546,30,199344,32.81596611981892
Y1119,2,1546,91,199344,1.5466309034471788
HSP90AB1,16,1546,131,199344,14.923843402400905
COPS5,11,1546,132,199344,9.89849654688519
PRKDC,21,1546,127,199344,20.2461522518341
HBZ,3,1546,8,199344,11.840985329774337
BATF,4,1546,13,199344,12.327897270549926
APLP2,5,1546,36,199344,8.969169198385753
STUB1,14,1546,82,199344,16.823593822536907
SPI1,35,1546,57,199344,52.17925747464948
TSC22D3,5,1546,11,199344,16.892241385478673
FOS,43,1546,166,199344,36.906313335250175
MEN1,15,1546,50,199344,23.55694222467932
IFNGR1,9,1546,48,199344,14.19593018609545
CSNK2A2,16,1546,97,199344,17.648450812499917
CSNK2A1,27,1546,223,199344,19.290768140872558
SPIB,12,1546,18,199344,31.86769389409339
