ID	logFC	AveExpr	t	P.Value	adj.P.Val	B	gene.symbols2
8695	1448926_at	3.32033432068162	4.84242490593627	16.6509285898142	3.6386579578845e-10	4.11641374775474e-06	11.3978036174788	Hoxa5
7482	1437025_at	3.99587229556255	3.43992125928439	15.5192843794258	8.73973555439137e-10	4.94363141634148e-06	10.8811725478768	Cd28
10676	1455106_a_at	2.58870933761685	2.96932229326303	13.1873677692271	6.47907796961733e-09	2.4432603023427e-05	9.58620110086901	Ckb
4544	1424852_at	2.15665311250966	8.20581154898624	10.8730125261453	6.58427921268046e-08	0.000160009903631067	7.90268619285051	Mef2c
2754	1420959_at	1.87591444619377	3.56921257670155	10.8074784273118	7.07194836166656e-08	0.000160009903631067	7.84791141027238	Asph
2331	1419482_at	2.59257191659351	2.94748356697133	9.69310804464832	2.52234452718568e-07	0.000475588060600859	6.84660088126055	C3ar1
4866	1425784_a_at	2.755099929267	4.05615538244449	9.01011451378325	5.82384438505147e-07	0.000941216450401247	6.16205494886076	Olfm1
2222	1419240_at	2.15439841431184	3.49155583098471	8.67952005824443	8.8831255864252e-07	0.00125618499699035	5.80954725458557	Tex14
5190	1426562_a_at	2.3230075521121	2.76582093133179	7.72281820131835	3.2281004295527e-06	0.00405772223994774	4.70524344114585	Olfm1
4889	1425923_at	-1.72263223278744	6.83863624000205	-7.58052807608552	3.9472597455288e-06	0.0044428114378548	4.52972751606017	Mycn
10774	1455626_at	1.84083279791469	10.5011244895791	7.49470366957444	4.46175343786981e-06	0.0044428114378548	4.42239280355465	Hoxa9
4597	1424965_at	1.83991437996938	3.5304267481684	7.45659294674796	4.71260826078472e-06	0.0044428114378548	4.37437276930911	Lpxn
1588	1417932_at	1.5346341937809	6.13135168993787	7.29265510816203	5.97522440212028e-06	0.00519982412778359	4.16527927999614	Il18
6065	1428578_s_at	1.09296402775677	2.6239092628121	6.64723127285476	1.57361695715491e-05	0.0107496621269853	3.30124978224189	Ppfia4
4260	1424383_at	1.33350147117193	2.83899610748826	6.64251052519997	1.58512409941311e-05	0.0107496621269853	3.294685536789	Tmem51
7951	1438975_x_at	1.85832437057001	5.72511980844924	6.60628818311433	1.67643216225913e-05	0.0107496621269853	3.24419820764259	Zdhhc14
9096	1450027_at	1.6776229375666	2.64927949707832	6.59335429759397	1.71036788018859e-05	0.0107496621269853	3.22611932564581	Sdc3
3465	1423195_at	-1.04944124697864	7.48528280844511	-6.4849571915657	2.02497674346701e-05	0.0118312074617155	3.07353669311801	Hiat1
7642	1437614_x_at	2.28432706169703	5.56924307787132	6.44238608050824	2.16475761412436e-05	0.0118312074617155	3.01309033129519	Zdhhc14
717	1416591_at	1.19222828689354	3.54451410930166	6.43321194075449	2.19619337661121e-05	0.0118312074617155	3.00002539912498	Rab34
8667	1448883_at	1.90637122435996	3.57647982709475	6.32794272194822	2.59343042224094e-05	0.013336126530369	2.84912848778544	Lgmn
1036	1417061_at	-1.14695003658669	8.75736646378646	-6.09679078409403	3.75619699215737e-05	0.0184755898140332	2.51142555814702	Slc40a1
6604	1433645_at	1.60063411546069	5.2466876513391	6.04212759045406	4.10451879082192e-05	0.0186739362533189	2.43028438433269	NA
10270	1452661_at	-1.77229440075776	10.0080138312132	-6.03291572194002	4.16649052011763e-05	0.0186739362533189	2.41656217592607	Tfrc
4582	1424923_at	2.52412764580857	6.7549454436602	5.97638639350632	4.56899319068988e-05	0.0186910387436155	2.3320500667759	Serpina3g
5912	1428133_at	-1.11098028026181	6.60328001615008	-5.96879490684846	4.62608578468341e-05	0.0186910387436155	2.32066078383598	Snip1
1185	1417277_at	1.14888592560587	5.9816315346616	5.94323698568393	4.82387759383021e-05	0.0188181128341383	2.28224755305265	Cyp4f16
4149	1424226_at	1.32853826320119	4.84563331573048	5.84944337749454	5.62940783905501e-05	0.0201528060513749	2.14036012306569	9030617O03Rik
5653	1427329_a_at	1.39482315549908	8.6866707706997	5.84560837138108	5.66521315855994e-05	0.0201528060513749	2.13452803281471	Ighm
9114	1450058_at	1.27679907623884	2.53899040659652	5.82656076879014	5.84663101689436e-05	0.0201528060513749	2.10552573703356	Asph
4627	1425025_at	1.27811266251927	3.73738952955647	5.82327180522268	5.87856978427801e-05	0.0201528060513749	2.10051188524754	Tmem106a
7280	1436172_at	1.57635049253494	5.13781678291693	5.80206612582701	6.08894743654655e-05	0.0202600771616621	2.06814251183558	Gm20559
9775	1451536_at	-1.09005114622464	7.74626893574175	-5.7505262915095	6.63392543301402e-05	0.0208713394086543	1.98916361234038	Mtfr1
5663	1427351_s_at	1.66834534714354	9.53175031304109	5.74982944906516	6.64163545223684e-05	0.0208713394086543	1.98809281284745	Ighm
8278	1448303_at	3.1583408212878	5.08371619069731	5.50939669695969	9.95593917451959e-05	0.0304409567246865	1.61392872531225	Gpnmb
219	1415943_at	1.92107759005116	3.69199123169485	5.48009800967697	0.000104651323720073	0.0309950853435254	1.56769621955254	Sdc1
9948	1452035_at	1.66007758459319	4.59091192930242	5.46789883658531	0.000106851262122999	0.0309950853435254	1.54840571974519	Col4a1
10632	1454971_x_at	1.84592459327239	9.28993395762653	5.42899197603379	0.00011419698959804	0.0322977635830658	1.48672360440707	Tsc22d1
2391	1419627_s_at	2.26987305447867	6.19476439725859	5.31504681375554	0.000138912944172871	0.0374171937482784	1.30469365997344	Clec4n
5951	1428229_at	1.0589905371095	8.32459242158609	5.29098012334379	0.000144815071479206	0.0380998349684712	1.26598446662936	Prkd3
8605	1448775_at	1.75603293257194	7.6824130709818	5.23089174815011	0.000160724865388249	0.0413245545940286	1.16894180000813	Ifi203
7185	1435680_a_at	1.17877324233249	3.00816845476546	5.21405457471629	0.000165503157981018	0.0416074939164279	1.14164890877331	Dpp7
2785	1421027_a_at	2.79051424569876	4.83035260593805	5.17806111743799	0.000176222527619519	0.0430720289671157	1.08315661171473	Mef2c
1627	1418004_a_at	1.47506819685919	10.2363711922631	5.16928910949178	0.000178943283077383	0.0430720289671157	1.06887107404085	Tmem176b
1671	1418069_at	1.34395027721083	5.33566004801737	5.09006438438144	0.000205596601825619	0.0460927262928304	0.939316313962551	Apoc2
8337	1448383_at	1.81656678933013	2.90726777148532	5.05901809260623	0.000217143304164346	0.0472411961540624	0.888286332552925	Mmp14
2689	1420821_at	-1.7323991669882	4.65271214274165	-5.03994517872881	0.000224570554522116	0.0479352204397867	0.856864531443153	Sgpp1
10915	1456133_x_at	1.39258539409689	8.19380983032168	4.95360633949508	0.000261659063539438	0.0527893200878096	0.713944632175536	Itgb5
3810	1423753_at	1.79480965911659	5.5352372168751	4.82944193918503	0.000326548988118027	0.0605614541406433	0.506491289989063	Bambi
8425	1448511_at	1.27585174650029	7.79431077500785	4.78755897808295	0.000352045166579529	0.0631064223384032	0.436013815744757	Ptprcap
4295	1424431_at	-1.03765171946153	10.5292884865642	-4.77017653468244	0.000363226552845156	0.0631064223384032	0.406691256334904	Csgalnact2
2871	1421352_at	-1.1106217991005	2.58364651712716	-4.7626791704942	0.000368162633636932	0.0631064223384032	0.394030830472444	Tlr6
7108	1435290_x_at	3.20854512577833	6.55831837969774	4.7522658705158	0.000375134422581512	0.0633417272039499	0.376433387776804	H2-Aa
4686	1425191_at	1.00937193686095	5.07766127024489	4.70995396394502	0.000404904308118968	0.0663867019963752	0.304775752750233	Ocel1
6038	1428492_at	-1.3905896090708	3.44485671317174	-4.6490019056971	0.000452168137573473	0.0719986079654293	0.20111917273899	Glipr2
7560	1437308_s_at	2.54292051119341	8.04788634801987	4.61723017657601	0.000479040508108842	0.0732349360572341	0.146889081102756	F2r
8197	1448183_a_at	1.18424702281805	3.02900511823158	4.60325515715519	0.000491380015916227	0.0741197616008036	0.122993154946097	Hif1a
7867	1438619_x_at	2.18265064896925	6.43203387148321	4.58850542396197	0.000504761545321839	0.075136412660868	0.0977446516723859	Zdhhc14
378	1416152_a_at	-1.08227421764519	7.92306203131118	-4.57993445381871	0.00051271046156895	0.0753284863860978	0.0830598276388006	Srsf3
11191	1460394_a_at	1.3397321126615	3.56790797411529	4.46771822525297	0.000629607655320492	0.0849274382774795	-0.110072507613362	Inppl1
4761	1425462_at	-1.00028471605763	8.22838305857092	-4.46686645292706	0.000630593548599688	0.0849274382774795	-0.111544533526575	Fbxw11
315	1416072_at	1.0704265025626	9.26294533000827	4.45621305126566	0.00064306022690782	0.0850539121700343	-0.129963213420742	Cd34
10612	1454897_at	1.23660244442965	3.24265185562179	4.44531368403805	0.000656078787790458	0.0853128658192351	-0.148821573834568	6330509M05Rik
2248	1419276_at	1.08100933966658	4.33607479547114	4.4023583244328	0.000710098262483893	0.0889893943284442	-0.223284486535769	Enpp1
780	1416683_at	1.2633531714202	3.31748893112978	4.38623077817875	0.000731548985463212	0.0889893943284442	-0.251298618936194	Plxnb2
2034	1418809_at	1.44546966133912	4.95246989911521	4.3644029686093	0.000761652714071756	0.0903831479018323	-0.289263195492552	NA
4956	1426220_at	1.10929856406475	2.90412926664728	4.34837904101518	0.000784564354802697	0.0903831479018323	-0.317168619685549	4930471M23Rik
8461	1448566_at	-1.37752364552438	3.80224228699203	-4.31450173292184	0.000835375944589704	0.0936263952049133	-0.376262624237662	Slc40a1
5209	1426589_at	1.23211238585633	2.77365347904986	4.30062242609473	0.000857162762488278	0.0936263952049133	-0.400510627066354	Gab3
2259	1419297_at	1.45005924728382	5.09046264142711	4.28037762332515	0.000889998005688087	0.0949333674254125	-0.435918119963084	H2-Oa
7301	1436297_a_at	1.12124170831429	10.3285127108442	4.21010664308153	0.00101438796789733	0.101508002019064	-0.559166216739841	Grina
5356	1426806_at	-1.21777421011288	5.4901741088242	-4.19224823716425	0.00104876609855429	0.101508002019064	-0.590571448293574	Nabp1
2659	1420697_at	2.38894644614073	3.41783409442559	4.1816286736307	0.00106977571412237	0.101734497659184	-0.60926229127179	Slc15a3
788	1416697_at	1.00723539230987	6.33245287359858	4.17763696464036	0.00107778445718751	0.101734497659184	-0.616290837400633	Dpp4
6692	1433906_at	1.12710361526773	2.80887073995362	4.17050261635773	0.00109225246326755	0.101734497659184	-0.628856935272633	Clvs1
1221	1417333_at	1.68608770164492	6.20626790993735	4.16812895215419	0.00109711029032268	0.101734497659184	-0.633038936263462	Rasa4
3144	1422533_at	-1.18639641874344	5.08423491603033	-4.1118068728908	0.00121913528295132	0.106648792401868	-0.73243326771333	Cyp51
4196	1424292_at	-1.26286631895645	6.66576931950522	-4.09734404917791	0.00125266548887214	0.107281648288002	-0.758006240451178	Depdc1a
806	1416723_at	1.09474070031417	8.37864153360167	4.07597177012011	0.00130395826867182	0.107631726736377	-0.795832524067609	Tcf4
4634	1425037_at	-2.10138184046332	5.98340606367257	-4.07013280788868	0.00131834333395047	0.107631726736377	-0.806174148141745	Fgd4
2404	1419653_a_at	-1.18371311164881	12.1350285813874	-4.04902035868885	0.00137173067433138	0.108520203627349	-0.843593272955402	Ddx5
3239	1422734_a_at	-1.06090760117684	8.84641033442683	-4.03921958714064	0.00139726339583813	0.109015453773219	-0.860977556122243	Myb
4933	1426112_a_at	1.04040681254974	5.91538828026071	4.02829948143676	0.00142628732045592	0.109765907866108	-0.880357326451117	Cd72
904	1416871_at	1.15322192150333	5.07153368141945	4.00917234748631	0.00147862362272383	0.110922401976808	-0.914327144740887	Adam8
6342	1430982_at	-1.85110476140227	4.45851183779014	-3.99713328933182	0.0015125714710156	0.111841314062742	-0.935724675810717	Srsf1
11024	1456651_a_at	-1.62499130246326	6.1035518229568	-3.98704419688077	0.00154163579160849	0.112519520712689	-0.95366589852343	Tpr
7932	1438928_x_at	1.00686196063994	10.4488437736962	3.97828336445984	0.00156733788977298	0.113368434838003	-0.969252004799311	Ninj1
5029	1426349_s_at	-1.17483168215181	7.76571032890173	-3.97497934161147	0.00157714474712562	0.113368434838003	-0.975131732473661	Tmpo
1850	1418401_a_at	1.09286447835689	4.76639427673434	3.95734168058007	0.00163057007489275	0.11541922168196	-1.00653421654327	Dusp16
8117	1448005_at	1.68176537431351	5.814555663547	3.95675570548892	0.00163237651101508	0.11541922168196	-1.0075779320089	Sash1
9761	1451506_at	1.69105520010657	4.99113165385323	3.93349669226697	0.00170575947117605	0.117666200593992	-1.04902800115278	Mef2c
1973	1418643_at	1.28261242631321	10.3317835416516	3.92644117637205	0.00172868111581966	0.118524663413744	-1.06161007142704	Tspan13
9667	1451344_at	1.30758953228383	3.86433661484655	3.92122139226709	0.00174584164792557	0.118980160017963	-1.07092095805836	Tmem119
7340	1436479_a_at	1.4082883195465	5.81218943790304	3.90559787518041	0.00179825473300652	0.121093189252993	-1.09880207433236	Dpp7
8730	1448995_at	1.61096256736385	10.1903535118471	3.89196225904888	0.00184531374718337	0.122800202481679	-1.12315056765438	Pf4
4817	1425603_at	2.3596524960865	5.24879830312567	3.88843481347887	0.00185769143980195	0.12290095472795	-1.12945158972703	Tmem176a
1554	1417877_at	1.28242465685646	4.70421848441395	3.87983181960963	0.00188823636964033	0.123119878331701	-1.14482276931475	Eepd1
9604	1451255_at	1.69721221865498	3.70687266914082	3.82294422077795	0.00210356419529026	0.129275132747777	-1.24659529041676	Lsr
3190	1422631_at	1.18975616239856	5.09136850530037	3.80463223261941	0.00217808910822469	0.130374190906592	-1.27940141275164	Ahr
9907	1451959_a_at	1.42398939314217	2.79277823155194	3.79754063933971	0.00220766903578566	0.130761046082948	-1.29211176653957	Vegfa
2365	1419561_at	3.09769980576254	6.80322854742132	3.78694745926235	0.00225261995831496	0.131360255610398	-1.31110383542198	Ccl3
9231	1450639_at	-1.0589546644856	7.62526267823156	-3.77701013648367	0.00229563655814326	0.132502736644259	-1.32892621776403	NA
8984	1449639_at	1.06499690926608	3.03150503960349	3.74562301284552	0.0024370869142644	0.137167981398374	-1.38525618886228	NA
1342	1417533_a_at	1.41440641410498	7.34110896335503	3.72949297582067	0.00251320348193955	0.140751836590011	-1.41422590845323	Itgb5
2578	1420464_s_at	1.30188313008816	4.27260425122081	3.71628255411121	0.00257734388085489	0.141061138883952	-1.43796227500898	NA
2361	1419549_at	1.48184132751789	5.59891303322303	3.69295677064419	0.00269469604586447	0.143122518154294	-1.47989549705479	Arg1
6176	1429115_at	1.11218766238198	7.24798811339262	3.67627478259185	0.00278194613433886	0.14451666063647	-1.50990120066155	2010003O02Rik
2678	1420805_at	2.40078978009408	5.40888221938724	3.67485883056203	0.0027894828965936	0.14451666063647	-1.5124486539585	Myl10
9299	1450764_at	1.0120873228145	5.06304047260189	3.67479379273012	0.002789829575303	0.14451666063647	-1.51256566636617	Aoah
1414	1417658_at	-1.5317702966243	4.76122343651831	-3.67333984911016	0.00279759114995024	0.14451666063647	-1.51518157023873	Tbrg4
8487	1448609_at	1.64590345045188	3.82150911307716	3.6605297285336	0.0028669315191315	0.14675835418975	-1.53823336428712	Tst
278	1416022_at	1.02076102793602	10.0276534252549	3.63756347425226	0.00299565170933263	0.149384408401664	-1.57957883774733	Fabp5
2418	1419687_at	1.51170611293817	7.56476562668986	3.63237961826111	0.00302550938019442	0.149631101228363	-1.58891418926394	Macrod1
5787	1427912_at	1.24813194139144	3.37741853449042	3.6292490326379	0.0030436869824616	0.149631101228363	-1.59455242413567	Cbr3
7318	1436362_x_at	-1.39931944817094	8.28820161701402	-3.6231875125715	0.00307919889254337	0.149631101228363	-1.60547040646276	2700079J08Rik
11121	1460239_at	1.32568054724431	6.978750299886	3.6208724220691	0.00309287283581263	0.149631101228363	-1.60964071006323	Tspan13
3813	1423756_s_at	-1.01978628328652	11.1704757332903	-3.61690544013762	0.00311644710157585	0.149631101228363	-1.6167871312772	Igfbp4
1388	1417607_at	1.55078798224084	5.49763051796084	3.61443190973307	0.0031312386237305	0.149631101228363	-1.621243434357	Cox6a2
6118	1428789_at	1.18176063103693	6.28601455383925	3.60946974126685	0.00316112730430291	0.149631101228363	-1.6301839392218	Ralgps2
2596	1420498_a_at	1.49008031130879	3.6993898999211	3.60543147955429	0.00318566466870458	0.150164268321062	-1.63746047083414	Dab2
10206	1452477_at	1.02804381056069	2.55015336205462	3.59563539813061	0.00324599424635192	0.152373165597425	-1.6551144004366	NA
758	1416649_at	1.27075489706033	3.45033946673038	3.57978180721414	0.00334609605136155	0.153690175724964	-1.68369172481296	Ambp
1343	1417534_at	1.25302546132297	7.52630372596787	3.57619924561028	0.00336914731545931	0.153690175724964	-1.69015070058099	Itgb5
3922	1423909_at	1.16735282158717	7.07110899475803	3.56959123356435	0.00341208858762848	0.155023928481289	-1.70206529022001	Tmem176a
8909	1449401_at	1.81613059327298	2.7573287870858	3.55917878960378	0.00348088161990703	0.156266721293683	-1.72084213963958	C1qc
10209	1452487_x_at	1.39098732938758	2.60729807441398	3.52746753289375	0.0036991762899511	0.159815374486599	-1.77804578822716	NA
9673	1451350_a_at	1.05036901225685	6.5982471892316	3.52547183578795	0.0037133694609087	0.159815374486599	-1.78164666144834	Leprot
4375	1424567_at	-1.54692347177589	4.77674694565745	-3.52198657755173	0.00373828859755169	0.159815374486599	-1.78793540115288	Tspan2
4896	1425951_a_at	1.94575745960196	4.82336921709008	3.51471225483109	0.00379084591637282	0.160586712623116	-1.80106195385269	Clec4n
6436	1431827_a_at	-1.26075881643243	5.0483357771923	-3.51287628927695	0.00380422867347256	0.160586712623116	-1.80437514786774	Tlk2
5886	1428099_a_at	-1.09647801378791	10.9032409265524	-3.50063791761253	0.00389466702148729	0.162584383815814	-1.82646238873483	Srsf1
4136	1424208_at	1.02617299485269	8.19798346483943	3.49565196734958	0.00393213281100905	0.163544920922593	-1.83546165477595	Ptger4
6257	1429710_at	-1.04901045090869	7.77011787830308	-3.47568664336883	0.00408584698934114	0.168697762738746	-1.87150203391592	Styx
5846	1428018_a_at	1.08440299596705	4.44871887572722	3.46433111961587	0.00417597019674223	0.170093418758281	-1.89200328185977	AF251705
2267	1419321_at	1.38330210160117	4.55373368615072	3.41908538752839	0.00455546300644839	0.17586042131828	-1.97370488875734	F7
10842	1455898_x_at	1.20523326339104	7.47378210366281	3.41170676619865	0.00462057297855693	0.176819465715548	-1.98703027075408	Slc2a3
3524	1423295_at	-1.20694815751311	5.3333060642211	-3.40042233676129	0.00472196905007013	0.179260523031689	-2.00740979845891	Tm9sf2
8127	1448026_at	-1.04142247947236	3.01220818573358	-3.39838530922316	0.00474051046167124	0.179318571803658	-2.01108868739267	Chd7
4936	1426120_a_at	1.33623062473141	4.18065553547077	3.39423269721355	0.00477853603517761	0.179318571803658	-2.01858836894985	NA
4655	1425093_at	1.18784325714455	2.54612037714505	3.39016651118876	0.00481606822401066	0.179318571803658	-2.02593199180977	P2rx3
4500	1424775_at	1.09500675707959	6.80762916680648	3.38020648911084	0.00490926280232071	0.179318571803658	-2.04392005683844	NA
1122	1417185_at	1.56677415499859	10.1404499719386	3.35853737131999	0.0051183446874261	0.180879084894042	-2.08305454639855	Ly6a
7741	1438050_x_at	-2.5571415487699	4.20803970922456	-3.35118608965966	0.00519129510336478	0.180879084894042	-2.09633057468234	Gm9222
2132	1418998_at	1.67438890512207	4.27077011356657	3.35081112879276	0.00519504396243961	0.180879084894042	-2.09700772620662	Kmo
10643	1455009_at	-1.04761623912636	6.35341931781722	-3.34874556966652	0.00521574434016614	0.180879084894042	-2.10073795726552	Cpd
9859	1451755_a_at	1.2067509007051	6.01826724837431	3.34396600638293	0.00526396254084485	0.180879084894042	-2.10936934991796	Apobec1
4898	1425958_at	1.09391013291985	3.18521314837731	3.34275610327321	0.00527623954875222	0.180879084894042	-2.11155428296617	Il1f9
5030	1426350_at	-1.39788098455071	7.13420562419789	-3.33949343924543	0.00530948996045803	0.181469063210458	-2.11744618845662	Mgat2
6736	1434044_at	-1.21244535811998	5.34102788505195	-3.32609270546098	0.00544828562178624	0.183441831069249	-2.14164502277632	Repin1
807	1416724_x_at	1.31080143628362	8.69726908341963	3.32108983876446	0.00550103262113529	0.184203072869355	-2.15067865636038	Tcf4
7909	1438802_at	1.13823960394217	4.46605217063267	3.31807613486602	0.00553305474541768	0.184647340220974	-2.15612033788726	Foxp1
2352	1419534_at	-1.36371303969576	5.92509194691133	-3.31173044067985	0.00560109516017508	0.185497396972615	-2.16757804816966	Olr1
10928	1456195_x_at	1.35757000261338	8.44284977677912	3.30056854074081	0.00572282393572332	0.187094570683648	-2.18773051592541	Itgb5
9418	1450992_a_at	1.33238029626622	6.25946798558027	3.29528105747257	0.00578141249571282	0.187473641094199	-2.1972762521857	Meis1
1428	1417676_a_at	1.29117626623203	3.04593942731913	3.28452019905894	0.0059025173808963	0.188092129031298	-2.21670188025652	Ptpro
2825	1421137_a_at	1.1707212685541	7.37562439966451	3.28113809951094	0.0059411040361003	0.188092129031298	-2.22280685680936	Pkib
8940	1449499_at	1.42092863804271	3.85254875292667	3.28017160383471	0.0059521773352077	0.188092129031298	-2.22455142374182	Hoxa7
3034	1422084_at	1.1004738715762	3.90084395566037	3.27714555629534	0.00598698146516973	0.188140892542959	-2.23001345470824	Bmx
4663	1425128_at	1.18923245971176	5.49506048424971	3.27340032215348	0.00603034042948848	0.188788201568854	-2.23677336905185	B3gnt8
10879	1456003_a_at	1.49004213899406	3.53527268097315	3.26575370649725	0.00611984745745861	0.190273094720854	-2.25057412798275	Slc1a4
4401	1424607_a_at	-1.22626830062534	10.2097091458171	-3.26556205407483	0.00612210788282426	0.190273094720854	-2.2509200097742	Gm4354
2756	1420965_a_at	1.49473424381068	6.38229241468644	3.25483849205612	0.00624993000947562	0.191235616384204	-2.27027186377658	Enc1
10768	1455581_x_at	1.46959141808601	6.83596078151644	3.25192729953384	0.00628509051773104	0.191652908428818	-2.27552496348216	Gm20559
4883	1425881_at	-2.91202698110481	7.47092868205703	-3.24634313017134	0.00635309073881246	0.192575979271709	-2.28560072421039	Psg28
10554	1454713_s_at	-1.26268592608573	8.17034492250093	-3.2449192753131	0.00637054722580223	0.192575979271709	-2.28816972028558	Hdc
4954	1426217_at	-1.06983437046686	7.00997079380868	-3.23520706580562	0.00649090897708426	0.194778921108101	-2.30569157411814	Tmem216
9235	1450643_s_at	-1.39817505728665	6.80355511834149	-3.23167622736118	0.00653522891292997	0.194948671924062	-2.31206093489001	Acsl1
5307	1426742_at	-1.23489004267314	8.87629277410175	-3.23064243456287	0.00654826264749787	0.194948671924062	-2.31392575015793	Atp5f1
10194	1452433_at	-1.85454724696203	6.67824391917221	-3.22106336423125	0.00667027849188786	0.196512657757102	-2.33120353249459	NA
7116	1435330_at	1.12336947488687	9.09764351028404	3.21342148541204	0.00676925046859354	0.198045379627213	-2.34498517933517	Pyhin1
8490	1448613_at	1.02731059621391	3.97733948755736	3.20226956942838	0.00691632735084208	0.200697190503707	-2.36509353990553	Ecm1
1321	1417491_at	1.09426104787154	5.76914344397839	3.20203063686654	0.00691951327797916	0.200697190503707	-2.3655243203925	Ctsb
2699	1420842_at	1.09581797470871	2.59764871425791	3.19523404379198	0.0070107569660342	0.201212084613184	-2.37777731353344	Ptprf
6292	1430172_a_at	1.49315888592192	3.19027193327103	3.19128120360566	0.00706437640359208	0.201308035903872	-2.38490278712553	NA
9131	1450102_a_at	-1.02132399230073	7.48214280805617	-3.17221691148607	0.00732879771642998	0.205224476648446	-2.41926016794132	Amfr
1666	1418058_at	1.2514967080881	7.35010416482927	3.16590452822164	0.0074185138969088	0.20613179059222	-2.43063305254316	Eltd1
9762	1451507_at	1.00854480208629	3.83563255484305	3.16481693536164	0.00743408207916784	0.20613179059222	-2.43259237708333	Mef2c
9737	1451451_at	-1.00056505323038	3.79352366733701	-3.15635747083612	0.00755629399127053	0.206983907804464	-2.44783057392872	Gca
1887	1418480_at	2.16625785425774	4.27813560122156	3.148373953941	0.00767347095742084	0.208177402736935	-2.46220854344829	Ppbp
2294	1419386_at	1.06039962919796	6.21352617806782	3.13267323114666	0.00790923746770593	0.210534596405076	-2.4904762503035	Muc13
4403	1424609_a_at	-1.20013764304627	10.4784130878581	-3.12499579446816	0.00802714345898003	0.212239510053219	-2.50429440974963	Gm4354
4204	1424302_at	1.22936804151619	7.2576443828466	3.11968657910729	0.00810970403156703	0.212865618814659	-2.51384840411498	Lilrb3
3141	1422527_at	1.18970366440618	8.28176028701549	3.1122896831076	0.00822614332782437	0.213129921616529	-2.52715675635979	H2-DMa
3343	1423021_s_at	1.02815788374493	6.10112652463087	3.11126185583264	0.00824245445318136	0.213129921616529	-2.52900577353059	NA
4948	1426205_at	-1.00458772495415	10.9347954821057	-3.10919204738654	0.00827539927821956	0.213129921616529	-2.53272909754996	Ppp1cb
10202	1452464_a_at	1.1364421170496	6.48547532042818	3.09550568730507	0.00849657251923113	0.214021044785643	-2.55734319522515	Metap1d
7348	1436512_at	1.11685204587522	3.66315913175703	3.07901944446342	0.00877082899733938	0.216620956885966	-2.58697843588228	Arl4c
4857	1425742_a_at	1.13943250437226	6.82744402052961	3.05252966616666	0.00923008010508519	0.221698293479466	-2.63456071250835	Tsc22d1
4920	1426060_at	-1.34983816366968	7.2459347810529	-3.04431191136951	0.00937735627921442	0.222201883375451	-2.6493125295136	NA
3754	1423693_at	1.29173494090935	7.95118543635063	3.04019244060779	0.0094520613495929	0.222201883375451	-2.65670571758936	Cela1
4921	1426061_x_at	-1.04506857470676	6.87703374685712	-3.01838973744342	0.00985740837461139	0.228050840372144	-2.69581484198793	NA
10957	1456340_at	-2.38773734225705	6.17264860697312	-2.99802284751838	0.0102516426649088	0.228884051458076	-2.73231644459872	Ntmt1
6772	1434148_at	1.05815557282995	8.65429278511994	2.98796295323041	0.0104521029845622	0.228884051458076	-2.75033379319997	Tcf4
7444	1436922_at	-1.23089204459864	5.85229167381442	-2.98047321474287	0.010603869341764	0.229372034155594	-2.76374261341674	Lrr1
2650	1420654_a_at	-1.01773083789114	5.95892257375432	-2.96700278310047	0.0108823428813437	0.230955688191472	-2.78784676255635	Gbe1
4897	1425956_a_at	-1.31270479880824	6.88984539143708	-2.96613875706654	0.010900450209846	0.230955688191472	-2.78939232993551	Cdadc1
7773	1438169_a_at	2.14941175062997	6.0053065141278	2.95172013579621	0.0112070632951482	0.232633957904609	-2.81517461869491	Frmd4b
9608	1451263_a_at	1.26080023204412	2.6280909911983	2.9477252442699	0.0112935158395343	0.233063390709965	-2.8223146861569	Fabp4
9330	1450852_s_at	1.12156859146688	4.98356877243285	2.93944782323429	0.0114747524015267	0.235223965182365	-2.83710425539131	F2r
7551	1437279_x_at	1.62522197651099	5.89598925597207	2.93423066690429	0.011590459396926	0.235867819772953	-2.84642265794617	Sdc1
8881	1449322_at	-1.06240600558113	9.2365176677443	-2.92621474164589	0.0117704910021535	0.236645131725324	-2.86073492709974	NA
9626	1451285_at	-1.11392424362064	10.2012228592321	-2.92421638814208	0.0118158015312597	0.236645131725324	-2.8643019834782	Fus
6293	1430195_at	1.43245609652309	5.20347783611106	2.91223569567574	0.0120910899099895	0.237303484854934	-2.88567928425595	2810043O03Rik
6374	1431231_at	-1.2972482220613	4.72142112494505	-2.9021645006387	0.0123273993785253	0.238669608121661	-2.90363833942712	Hist1h3f
4051	1424089_a_at	1.29301781073355	8.40756051863933	2.88750542881091	0.0126795322894773	0.239072581318094	-2.92975985935027	Tcf4
4678	1425177_at	-1.00774673837884	8.36905588832046	-2.88378869582751	0.012770380561826	0.239985573581291	-2.93637923627108	Shmt1
10488	1454109_a_at	-1.03366634243416	6.08977113763899	-2.87693561642465	0.0129395779791559	0.241209852617124	-2.94858044429809	Jmjd6
4493	1424753_at	1.23712101665609	5.82219104991013	2.87683270196234	0.0129421356438252	0.241209852617124	-2.94876363415282	Nudt14
10877	1455992_at	1.16171190543918	6.27453705345143	2.83065573335133	0.014141489702236	0.249452298689974	-3.03083878854969	Vgll4
7465	1436981_a_at	-1.29472828479708	8.05972331301541	-2.82768513549863	0.0142222869844456	0.249452298689974	-3.03611017943765	NA
5710	1427515_at	1.33447801251067	2.76527951729721	2.8255955487488	0.0142793936206084	0.249535179133241	-3.03981755305217	Pion
7178	1435637_at	-1.14479570368573	4.22918862665096	-2.79232168893326	0.0152197133787774	0.257628978944994	-3.09877885743278	Itfg1
10187	1452418_at	-1.86585695619182	5.87959852269817	-2.7823230983004	0.0155139764263786	0.258892082191209	-3.11646841775167	NA
6489	1432466_a_at	1.09619970911121	10.7607218292149	2.70960948180014	0.017828348714864	0.273065189079625	-3.24469358167714	Apoe
8468	1448575_at	1.4164016694476	2.66824313678191	2.704170831325	0.0180144366032865	0.274289799855963	-3.25425282040474	Il7r
10898	1456064_at	1.04551723771269	5.1911766196478	2.69653060377814	0.0182790622979931	0.277571854734492	-3.26767386896741	AI504432
7708	1437867_at	-1.45267281920412	2.72589151834808	-2.69504620260423	0.0183309144848805	0.277986106658785	-3.27028034647494	NA
8385	1448452_at	1.22545856590662	7.3568960461934	2.6843988298362	0.0187070745548884	0.281053299388383	-3.28896591258925	Irf8
7496	1437052_s_at	1.33053328154331	7.68278356006082	2.67932089310128	0.0188891155643396	0.283036509111754	-3.29787099676134	Slc2a3
7796	1438246_at	1.15400598044527	3.61184750297846	2.67189457902823	0.0191584599651648	0.285198967222378	-3.31088681614165	Csnk1g1
10261	1452646_at	1.73058596883239	2.78402810948541	2.66134059205676	0.0195476945470789	0.285884059570781	-3.32936870657572	Trp53inp2
9790	1451567_a_at	1.0286895420245	7.98062861989002	2.62802585450534	0.0208275611268778	0.293062436602449	-3.38758424802277	Ifi203
8061	1439465_x_at	1.06014738846832	6.11749845023256	2.62173941946688	0.0210780498722387	0.294036796396802	-3.39854761350715	Agbl5
2955	1421840_at	1.32038396638073	4.92084373200664	2.6141327821561	0.0213850603777559	0.295395834009222	-3.41180386928688	Abca1
10157	1452349_x_at	1.10557053858451	8.0029050715353	2.61200682893576	0.0214716397395852	0.296177159181769	-3.41550693760865	NA
9386	1450937_at	-1.05464111236867	6.83671124218686	-2.56867355738773	0.0233123707915436	0.308459474578635	-3.49080250733	Lin7c
8286	1448311_at	-1.44033651861885	6.41643209418311	-2.56527930694419	0.0234628447948925	0.309364992033355	-3.49668512280097	Usp5
4482	1424733_at	1.22263309918641	6.66246528552321	2.56041615170369	0.023680078576756	0.311224898219239	-3.50510955791525	P2ry14
4872	1425814_a_at	1.26824038237483	8.1686982282546	2.55233670265753	0.0240452930834335	0.312671724888371	-3.51909518203519	Calcrl
4917	1426046_a_at	1.10083000854694	5.38599654748463	2.53467162120949	0.024862884309458	0.319175005160522	-3.54962773992579	Rabggta
7837	1438463_x_at	1.26723711778905	2.58905997528728	2.52774130198949	0.0251909237289132	0.321290778066737	-3.56158869637897	Zdhhc6
3637	1423489_at	-1.00422984586215	5.40599055814768	-2.49235357785103	0.0269321658781624	0.329108550117615	-3.62250550456009	Mmd
8938	1449484_at	1.42909676616103	4.25984200523176	2.48095639719726	0.0275172537727953	0.331687140998794	-3.64206679692519	Stc2
9655	1451326_at	1.24886893403756	6.99717595581497	2.48069821871022	0.0275306484043019	0.331687140998794	-3.64250958118756	Abhd14b
7103	1435258_at	1.1050137745728	5.95142531727692	2.47007094664256	0.028087482603564	0.334830021806237	-3.66072268948648	Tmem141
7827	1438403_s_at	1.59112207581698	9.24722094706683	2.46215753150214	0.0285091399367412	0.337015569597026	-3.67426813116488	Malat1
1101	1417149_at	1.26780662436406	3.02008563942086	2.4575912175051	0.0287552126370875	0.337543785669278	-3.68207778633944	P4ha2
2098	1418936_at	1.14244204836119	2.84747339362699	2.40357403163168	0.0318252630247971	0.352812026547373	-3.77408776345386	Maff
10802	1455787_x_at	-1.10642836185164	7.26509919174658	-2.34636123325681	0.0354180094496358	0.368026697239813	-3.87074728006851	Minpp1
3065	1422411_s_at	-1.071540259789	7.09369648696068	-2.34040616694099	0.0358134376496707	0.368026697239813	-3.88075880194251	NA
6773	1434149_at	1.20918957240137	6.54545646688276	2.33449629618029	0.0362100173575569	0.369381358310227	-3.89068485478939	Tcf4
10472	1454011_a_at	-1.04313142361375	6.47182391992427	-2.31759883417293	0.037367090856525	0.374188100129763	-3.9190125721816	Rpa2
1038	1417063_at	1.03305964747692	4.10796966963483	2.30141771038566	0.0385079731607148	0.377107189612125	-3.94606485944436	C1qb
1120	1417183_at	-1.16920439205728	8.33861684686838	-2.29448453355261	0.0390068591017756	0.377166322237938	-3.95763334890945	Dnaja2
4762	1425466_at	-1.43203653445689	6.73367645313849	-2.28841380384711	0.0394487129757642	0.378480762829065	-3.96775147282252	Senp2
8165	1448140_at	-1.0680264056621	5.55015003220231	-2.27325886344778	0.0405725411724444	0.383623141133355	-3.99296367792823	Ciapin1
6568	1433565_at	-1.03598267302509	8.05250156938738	-2.26508714619438	0.0411910304489804	0.385876825416969	-4.00653042190633	Prpf38a
9422	1450998_at	-1.03312432375781	6.1433212997335	-2.25848037415558	0.0416975818103029	0.388201356010538	-4.01748453386701	Zfp110
7154	1435494_s_at	-1.03665686958784	3.0962698612512	-2.24954236081456	0.0423922477361974	0.389588544792527	-4.03228304446928	Dsp
3981	1423994_at	-1.06520831399513	7.39326484720351	-2.21496766993613	0.045183583824236	0.397781431653926	-4.08929766628208	Kif1b
9211	1450484_a_at	-1.02514484322849	5.39009194885039	-2.17488918203818	0.0486355289405738	0.411761852773867	-4.15491539682889	Cmpk2
3670	1423557_at	1.02935959474112	4.04354377832984	2.16935064076163	0.0491315782273658	0.413210341919553	-4.16394209678167	Ifngr2
235	1415971_at	-1.06167841748043	4.84570318207652	-2.15174344190174	0.0507401947973194	0.416508564252225	-4.19257025625813	Marcks
6318	1430545_at	-1.14786555880093	3.03848889717838	-2.14664858902146	0.0512147800663742	0.417355285559646	-4.20083465000794	Dbf4
1819	1418345_at	-1.16542552465623	6.89152985018888	-2.13916642479526	0.0519192691823691	0.418378471935918	-4.21295546922986	NA
5670	1427381_at	1.32582632465989	3.1779658947842	2.13283847519738	0.0525221369150878	0.418438686563654	-4.22319149823272	Irg1
11109	1460213_at	-1.43155081181011	5.15078640215643	-2.1280119933551	0.0529863449747447	0.419864534045365	-4.2309894595156	Golga4
9867	1451782_a_at	1.31014766133965	5.15716045430059	2.11901623522884	0.0538617824693906	0.420271357329052	-4.24550190342652	Slc29a1
6226	1429411_a_at	-1.02013422348856	10.1056390877088	-2.07709879209303	0.058121513833267	0.425860547924709	-4.31274611221545	Eny2
10880	1456005_a_at	1.29661185076395	5.93425334911201	2.07296411832144	0.0585582234121815	0.426108376267727	-4.31934446999295	Bcl2l11
4402	1424608_a_at	-1.53362588130408	6.54610686792328	-2.0525170113729	0.0607629360120038	0.430242258139384	-4.3518819268262	NA
7133	1435386_at	1.11690491679558	3.45461318724786	2.03044495461236	0.0632288881008032	0.435972607590527	-4.38682820854842	Vwf
1461	1417725_a_at	1.13915042576898	6.01647168842187	2.0157129776128	0.0649258464040975	0.438771706555509	-4.41004881692751	Sssca1
3852	1423804_a_at	-1.12029757323984	9.22776457368089	-2.00374613311161	0.0663350735652426	0.44040415918051	-4.42884855042664	NA
3264	1422795_at	1.05026064498239	5.31790431216278	1.99619326758687	0.0672389370620525	0.442331098896621	-4.44068483422951	Cul3
5618	1427258_at	1.15315882046058	5.34538241072883	1.98827080434169	0.068199184289694	0.444524660379975	-4.45307585593308	Trim24
3398	1423100_at	-1.26229393820221	11.0704089787697	-1.97498276274052	0.0698380799377124	0.448246761788082	-4.47380205146766	Fos
1179	1417268_at	1.14741017598873	5.45901364968054	1.94533698733772	0.0736253215341197	0.453874448863573	-4.5197816703586	Cd14
8908	1449399_a_at	1.26272076412703	3.32027665825866	1.91515625809514	0.0776727371472706	0.464359283503709	-4.56621220205714	Il1b
6693	1433908_a_at	1.03481877450359	6.01588639938761	1.86775691750533	0.0844389345166538	0.475636773962249	-4.63833401357709	Cttn
3300	1422873_at	-1.56876268430564	7.67582106460651	-1.83569356763775	0.0893135532428477	0.484838880919547	-4.68654882972193	Prg2
9079	1449991_at	1.01537934627044	7.90329202585532	1.82150143584194	0.0915509681919096	0.490178045300093	-4.70773841423249	Cd244
2424	1419709_at	1.18518510341238	2.95330260348671	1.81654849858746	0.0923435782097579	0.490231299993896	-4.71511116496973	Stfa3
7313	1436343_at	1.53138152387293	6.59179969331869	1.78065408363365	0.0982738620195423	0.501702256781174	-4.76819270316554	Chd4
10394	1453196_a_at	1.10955760728989	4.58554192420843	1.73252121002432	0.106758438632023	0.515695224698582	-4.83838348357971	Oasl2
7549	1437277_x_at	1.15341016453931	8.13842022076284	1.57864715558219	0.138368128526984	0.562876173328217	-5.05464700782776	Tgm2
8987	1449645_s_at	-1.01930440401883	6.84499894467294	-1.56443943965729	0.141659324125067	0.568496606536673	-5.07395413661784	Cct3
10844	1455900_x_at	1.06229607212886	7.2282770796429	1.51978789938947	0.152443188220161	0.579304598029789	-5.13386403712146	Tgm2
10423	1453470_a_at	1.22156232176282	3.34075135347659	1.49297266724306	0.159249369701304	0.59005999058734	-5.1692707984101	Gna13
9082	1450008_a_at	-1.14531628163737	6.24659491762626	-1.33866043210961	0.203561688183783	0.63580711717922	-5.36422915603372	Ctnnb1
