DCTN1,4,2496,63,199344,3.6383858636574904
EN1,3,2496,3,199344,15.381682412732163
NKRF,5,2496,7,199344,16.697670216963814
CD40,9,2496,56,199344,9.973273129760324
PTPN11,31,2496,166,199344,20.18748338705553
MECP2,7,2496,25,199344,12.027488702851254
IL6,3,2496,14,199344,6.789291576104358
MAP3K4,6,2496,33,199344,8.746250183998354
MAPK1,46,2496,286,199344,22.557580734312108
MAPK3,37,2496,202,199344,21.811741776568567
ETS1,23,2496,86,199344,21.260322998330086
ETS2,12,2496,27,199344,20.183847912797525
RFC1,23,2496,111,199344,18.446411574539518
NR1I2,4,2496,15,199344,8.852044636816041
STAT5A,36,2496,75,199344,36.408941116038434
PDGFRA,10,2496,94,199344,8.184057784810095
MAPK8,35,2496,159,199344,23.54242273969972
PDGFRB,16,2496,128,199344,11.444360750215541
ERBB2,15,2496,148,199344,9.718679814343444
XRCC6,23,2496,136,199344,16.423552238161776
XRCC5,14,2496,87,199344,12.448138955672565
STAT5B,32,2496,61,199344,35.9673844937748
NMI,9,2496,38,199344,12.435898687603897
RAC1,19,2496,250,199344,9.026408472519911
NONO,9,2496,57,199344,9.870486302931567
MAP3K8,20,2496,42,199344,27.02392717834479
BCL6,17,2496,90,199344,15.047209778348911
RUNX1T1,14,2496,48,199344,17.392690797750426
BCL3,18,2496,38,199344,25.56593979510286
PITX1,2,2496,14,199344,4.385751561138762
RARA,19,2496,111,199344,15.032015671877032
TUBA3C,19,2496,46,199344,24.429867431555813
CUL2,8,2496,62,199344,8.250473116319897
CUL1,12,2496,150,199344,7.432402100204435
MDFI,4,2496,163,199344,1.3799729745780696
DNMT3A,8,2496,35,199344,11.494878629206735
DNMT3B,5,2496,29,199344,7.743602921291076
SMAD6,11,2496,29,199344,17.763600719116855
CREBBP,77,2496,330,199344,36.07410255886495
TGFBR1,15,2496,210,199344,7.677072306988731
SMAD3,60,2496,321,199344,28.09968612146194
SMAD2,49,2496,367,199344,20.84548213350601
PLAUR,7,2496,31,199344,10.679657223334333
SMAD5,14,2496,57,199344,15.8263938983279
SMAD4,38,2496,215,199344,21.655533898242304
SERPING1,8,2496,74,199344,7.394864884738859
CSRP3,2,2496,9,199344,5.657667858134272
SMAD1,26,2496,155,199344,17.379261857576353
NOTCH1,14,2496,73,199344,13.773984753587067
PIAS4,18,2496,65,199344,19.17064838560931
E2F1,21,2496,97,199344,18.0665645892688
PIAS3,18,2496,50,199344,22.09677296149457
PIAS2,19,2496,51,199344,23.12260077489805
PIAS1,30,2496,92,199344,27.048183141680166
NCOR1,36,2496,135,199344,26.556133910448125
ELN,4,2496,42,199344,4.820975583970011
YAP1,8,2496,82,199344,6.925403384739337
TAF1A,4,2496,20,199344,7.540199570959546
ACTG1,23,2496,244,199344,11.482896090946394
SIN3A,31,2496,178,199344,19.393853009745996
TCF3,23,2496,77,199344,22.583973992038676
SYK,22,2496,125,199344,16.43736390416267
HOXA10,3,2496,13,199344,7.076811781918681
DVL2,9,2496,102,199344,6.876903686329725
ATM,11,2496,105,199344,8.500280417411426
LZTR1,3,2496,51,199344,2.9737505186469764
TP53,68,2496,471,199344,25.73442916156718
CISH,14,2496,34,199344,20.93595789284276
GTF2I,13,2496,49,199344,15.913466935276041
MBD1,9,2496,26,199344,15.299271759851003
MTPN,6,2496,17,199344,12.622780774294888
GTF2B,15,2496,73,199344,14.826561919922161
TLE1,12,2496,85,199344,10.66725954167112
UBTF,13,2496,39,199344,18.01767050590163
SMURF2,12,2496,125,199344,8.393580493375364
PAPOLA,5,2496,15,199344,11.17408489557659
SMURF1,13,2496,139,199344,8.588747468396939
CALM3,9,2496,153,199344,5.150686987330863
CALM2,4,2496,80,199344,3.0147240257381283
CALM1,35,2496,358,199344,14.505149401066507
MED1,15,2496,109,199344,11.74529011727092
MAP3K14,22,2496,147,199344,14.953207869843148
HSPA1A,22,2496,132,199344,15.926981144906236
GFAP,4,2496,38,199344,5.141431405660028
ELF1,8,2496,38,199344,10.977005231215122
YWHAZ,39,2496,475,199344,13.638693853157243
NFKBIB,25,2496,83,199344,23.65248410164461
MITF,12,2496,26,199344,20.590420319350898
IL27RA,3,2496,6,199344,10.738579825766399
NFKBIA,43,2496,126,199344,33.186754808129585
FUS,3,2496,52,199344,2.929402483773943
NFKB2,50,2496,180,199344,32.0050126921305
NFKB1,67,2496,303,199344,32.6552614081521
NFKBIE,23,2496,55,199344,27.055758120708536
RB1CC1,4,2496,51,199344,4.2330536596626684
KIT,14,2496,74,199344,13.667510690768369
LEF1,18,2496,38,199344,25.56593979510286
WDR37,2,2496,4,199344,8.76801371175772
SUMO4,13,2496,75,199344,12.5246377366714
FANCC,6,2496,36,199344,8.317594632467623
TUBB4,18,2496,61,199344,19.84688505468061
HSPA1L,19,2496,55,199344,22.205174217350955
EP300,78,2496,350,199344,35.38858188950115
SSRP1,5,2496,36,199344,6.8187240905671604
TP73,18,2496,90,199344,15.995178744376172
AR,53,2496,236,199344,29.296808146826073
STAT3,73,2496,182,199344,47.14428890664229
STAT2,18,2496,45,199344,23.375974472620282
STAT1,109,2496,134,199344,83.37818711095002
YWHAH,18,2496,175,199344,10.747206905784441
ERBB2IP,9,2496,72,199344,8.583270562661655
DUSP3,7,2496,18,199344,14.360319762167256
CCNB1,8,2496,51,199344,9.270266223725436
RELA,73,2496,276,199344,37.64624420237539
FYN,26,2496,375,199344,9.894027354424074
JUN,52,2496,204,199344,31.13356385760779
RELB,30,2496,89,199344,27.536081468847243
EGFR,40,2496,414,199344,15.3885442578297
PPARG,19,2496,87,199344,17.269012643884373
CREM,9,2496,26,199344,15.299271759851003
MEF2A,11,2496,25,199344,19.222067303973468
IL7R,24,2496,127,199344,17.88347715386986
MEF2C,14,2496,38,199344,19.730365969547766
SPI1,52,2496,57,199344,61.091291623340034
NUP214,8,2496,45,199344,9.969668787974769
ETV1,8,2496,12,199344,20.378885095304742
PPARA,9,2496,40,199344,12.085405945291672
SPIB,11,2496,18,199344,22.839211956555832
MAPK14,25,2496,194,199344,14.573492058087332
NF1,7,2496,30,199344,10.876751166959513
ACTN4,9,2496,62,199344,9.392613611389118
PTP4A3,5,2496,106,199344,3.208158238351383
RPS6KA5,12,2496,34,199344,17.85130776587019
PML,32,2496,107,199344,26.656253831887962
CDKN1B,12,2496,69,199344,12.056516769244588
IKBKE,24,2496,358,199344,9.276776602725656
TRP53,6,2496,23,199344,10.711266555714019
ID1,5,2496,18,199344,10.12087366497297
ID2,9,2496,39,199344,12.257397561885197
ID3,6,2496,40,199344,7.819545598169001
HNRNPH1,8,2496,71,199344,7.589569266547196
IKBKB,44,2496,150,199344,30.92979741633272
SP1,49,2496,192,199344,30.242171713556026
LMO2,6,2496,30,199344,9.234820753801763
SKP1A,7,2496,77,199344,6.186007496677414
NR3C1,45,2496,201,199344,26.948539525211892
BTRC,15,2496,83,199344,13.78113915052159
CBFB,4,2496,27,199344,6.337874939251419
CTNNBL1,4,2496,20,199344,7.540199570959546
HES1,8,2496,30,199344,12.518681580117262
NFATC1,13,2496,32,199344,20.030310953138486
TRIM28,12,2496,92,199344,10.171233050923783
GATA1,17,2496,46,199344,21.777910574906755
HSPA9,19,2496,67,199344,19.953534899532677
GATA2,17,2496,27,199344,28.837581021263848
GSTK1,4,2496,90,199344,2.7236132199945273
HSPA6,11,2496,31,199344,17.140579536383967
HSPA5,21,2496,118,199344,16.162558525658078
HSPA8,37,2496,182,199344,23.14589478378338
CSF3R,11,2496,34,199344,16.3089827023839
REL,62,2496,64,199344,68.79664203979127
MYST4,2,2496,5,199344,7.791991490873428
MYST3,5,2496,17,199344,10.441603751924635
PPP4C,7,2496,45,199344,8.629038219510214
HMGA1,17,2496,62,199344,18.529737571942857
VAV1,19,2496,103,199344,15.693630133241586
TRADD,13,2496,75,199344,12.5246377366714
FOXP3,8,2496,16,199344,17.53602742351544
BRCA1,45,2496,213,199344,26.085835154544206
CDK2,25,2496,144,199344,17.384624535885475
CDK1,22,2496,230,199344,11.33816688276011
HDAC4,32,2496,123,199344,24.699684924927443
HDAC3,46,2496,158,199344,31.495851614140463
HDAC6,9,2496,72,199344,8.583270562661655
ARRB2,35,2496,323,199344,15.490115925813921
HDAC5,20,2496,84,199344,18.59278228077424
ELSPBP1,5,2496,10,199344,13.863446942370734
COMMD1,9,2496,28,199344,14.700186556138355
HDAC1,63,2496,344,199344,28.45906504973232
SMARCA4,40,2496,140,199344,29.070285974130645
MTOR,8,2496,78,199344,7.15175772091841
ADRA1B,2,2496,16,199344,4.0461925464112865
HDAC7,17,2496,48,199344,21.286870696560268
THOC4,3,2496,26,199344,4.716974640851217
TBK1,22,2496,91,199344,19.666230006938747
XPO1,15,2496,85,199344,13.593615597459403
FASLG,7,2496,85,199344,5.789999448690655
CSE1L,8,2496,29,199344,12.753601820203965
MDK,4,2496,24,199344,6.791287578952621
HSF1,17,2496,66,199344,17.9040119237445
SRC,44,2496,387,199344,17.899457531342815
FOXO3,13,2496,40,199344,17.773219741455232
SRF,19,2496,80,199344,18.09681792096433
CCNE1,10,2496,44,199344,12.810858630880986
ATF1,8,2496,31,199344,12.29488780159674
TBP,26,2496,153,199344,17.51069011409563
TUBB,25,2496,107,199344,20.570399882002512
PTK2,19,2496,149,199344,12.623801170780508
TEF1,4,2496,703,199344,-1.6288760829226956
RUNX1,31,2496,64,199344,33.94790194060553
AXIN1,8,2496,62,199344,8.250473116319897
CSF1R,5,2496,26,199344,8.244407013851147
RUNX2,39,2496,40,199344,54.74400941651839
ELP2,7,2496,30,199344,10.876751166959513
FLT3,6,2496,30,199344,9.234820753801763
ERG,6,2496,9,199344,17.648632193337964
GNB2L1,21,2496,114,199344,16.48585318611882
RB1,40,2496,199,199344,23.912021983516123
MCM3,9,2496,99,199344,7.0142731905384235
FOXO3A,9,2496,10,199344,25.23907453469786
MCM5,6,2496,111,199344,3.935228988223937
PTPN2,11,2496,22,199344,20.562814847988168
TYK2,23,2496,97,199344,19.89281153736926
SPTBN1,17,2496,74,199344,16.803833593783125
SKI,17,2496,31,199344,26.83196300595842
C1QBP,16,2496,69,199344,16.38714418168818
KPNA6,8,2496,20,199344,15.583982981746855
SPTAN1,10,2496,82,199344,8.911674120707739
KPNA2,16,2496,74,199344,15.758392626111538
JAK3,20,2496,98,199344,17.054324353564823
ACVR1,9,2496,86,199344,7.683624153020435
KPNA1,12,2496,46,199344,15.148018433284113
JAK1,31,2496,131,199344,23.069167976415283
JAK2,31,2496,150,199344,21.3839805691556
CLTC,21,2496,113,199344,16.569231729494202
ING4,4,2496,22,199344,7.1412833711731505
POU1F1,12,2496,13,199344,29.525253942045524
DPF2,6,2496,19,199344,11.888288660277151
CXCR4,12,2496,39,199344,16.577602269897522
PAX6,7,2496,34,199344,10.139682448438748
TRIM3,10,2496,35,199344,14.535142987065322
AKT1,29,2496,244,199344,14.937288827895147
GAPDH,18,2496,103,199344,14.807501515774081
VDR,21,2496,72,199344,21.301608854244513
PDE8A,7,2496,8,199344,21.938597624928175
CSF2RB,15,2496,43,199344,19.833406472158533
CSF2RA,8,2496,26,199344,13.53555557335104
CEBPD,16,2496,22,199344,30.149623045713184
CEBPB,33,2496,75,199344,33.29359719699056
KAT2B,24,2496,121,199344,18.38292553501282
NUP153,7,2496,38,199344,9.51811177482635
CEBPA,30,2496,70,199344,31.304754063547826
FADD,6,2496,70,199344,5.507255535048952
CEBPE,8,2496,27,199344,13.260861426024473
PRKCD,21,2496,127,199344,15.489418596040485
IFNAR2,11,2496,48,199344,13.498510898940582
UBE2I,29,2496,210,199344,16.365351393566616
MSX2,8,2496,24,199344,14.134223615242707
EIF2AK2,11,2496,46,199344,13.822040004959586
IRF8,10,2496,22,199344,18.645453208443165
NFYA,11,2496,34,199344,16.3089827023839
CARM1,12,2496,46,199344,15.148018433284113
IRF9,11,2496,30,199344,17.444472819590512
LCK,19,2496,142,199344,12.997355380394328
IRF4,4,2496,21,199344,7.333908936044738
IRF2,8,2496,20,199344,15.583982981746855
IRF1,16,2496,30,199344,25.654124885379264
HSP90AB1,27,2496,131,199344,19.926201721531697
FKBP5,4,2496,21,199344,7.333908936044738
CAMK2G,12,2496,52,199344,14.153623563837362
STUB1,20,2496,82,199344,18.84302780054975
TNFRSF1A,30,2496,172,199344,19.09500761650415
TNFRSF1B,17,2496,122,199344,12.597778663728398
FOS,30,2496,166,199344,19.489473891618466
PRMT5,13,2496,65,199344,13.593288090163108
CAMK2D,8,2496,42,199344,10.371713482563704
IFNGR1,10,2496,48,199344,12.200450932670634
TNIP2,5,2496,13,199344,12.06535448416909
PRMT1,11,2496,95,199344,9.05200207484422
CSNK2A1,31,2496,223,199344,16.987606141957965
MYOG,21,2496,23,199344,38.839516706974656
